+0.0000000000000000e+00 +6.6666666666666666e-02 +9.3957264028207710e-01
+2.3494467607053527e-05 +3.7847495629784700e-01 +9.3838656844079649e-01
+7.1476848351935499e-05 +5.5485837703548635e-01 +9.3598048620926999e-01
+1.2852315164806451e-04 +5.5485837703548635e-01 +9.3314609096838153e-01
+1.7650553239294649e-04 +3.7847495629784700e-01 +9.3078203679659011e-01
+2.0000000000000001e-04 +6.6666666666666666e-02 +9.2963059673792625e-01

+2.0000000000000001e-04 +6.6666666666666666e-02 +9.2963059648093660e-01
+2.2349446760705355e-04 +3.7847495629784700e-01 +9.2848291959612883e-01
+2.7147684835193551e-04 +5.5485837703548635e-01 +9.2614995436999259e-01
+3.2852315164806449e-04 +5.5485837703548635e-01 +9.2339360608141086e-01
+3.7650553239294653e-04 +3.7847495629784700e-01 +9.2108808178086110e-01
+4.0000000000000002e-04 +6.6666666666666666e-02 +9.1996302375289463e-01

+4.0000000000000002e-04 +6.6666666666666666e-02 +9.1996302352552761e-01
+4.2349446760705356e-04 +3.7847495629784700e-01 +9.1884027552931236e-01
+4.7147684835193555e-04 +5.5485837703548635e-01 +9.1655383925497425e-01
+5.2852315164806448e-04 +5.5485837703548635e-01 +9.1384544788665500e-01
+5.7650553239294662e-04 +3.7847495629784700e-01 +9.1157435016237676e-01
+6.0000000000000006e-04 +6.6666666666666666e-02 +9.1046425402621400e-01

+6.0000000000000006e-04 +6.6666666666666666e-02 +9.1046425382770857e-01
+6.2349446760705360e-04 +3.7847495629784700e-01 +9.0935525638375370e-01
+6.7147684835193553e-04 +5.5485837703548635e-01 +9.0709324250827528e-01
+7.2852315164806457e-04 +5.5485837703548635e-01 +9.0440772338664244e-01
+7.7650553239294660e-04 +3.7847495629784700e-01 +9.0215089785515801e-01
+8.0000000000000004e-04 +6.6666666666666666e-02 +9.0104619284378407e-01

+8.0000000000000004e-04 +6.6666666666666666e-02 +9.0104619267046471e-01
+8.2349446760705358e-04 +3.7847495629784700e-01 +8.9994156278744797e-01
+8.7147684835193551e-04 +5.5485837703548635e-01 +8.9768536760972417e-01
+9.2852315164806444e-04 +5.5485837703548635e-01 +8.9500152389162191e-01
+9.7650553239294648e-04 +3.7847495629784700e-01 +8.9274186258801891e-01
+1.0000000000000000e-03 +6.6666666666666666e-02 +8.9163439751778495e-01

+1.0000000000000000e-03 +6.6666666666666666e-02 +8.9163439736422700e-01
+1.0234944676070536e-03 +3.7847495629784700e-01 +8.9052612538330100e-01
+1.0714768483519354e-03 +5.5485837703548635e-01 +8.8825980971218876e-01
+1.1285231516480645e-03 +5.5485837703548635e-01 +8.8555937523829464e-01
+1.1765055323929468e-03 +3.7847495629784700e-01 +8.8328204320953096e-01
+1.2000000000000001e-03 +6.6666666666666666e-02 +8.8216471786405315e-01

+1.2000000000000001e-03 +6.6666666666666666e-02 +8.8216471772365668e-01
+1.2234944676070537e-03 +3.7847495629784700e-01 +8.8104580509794039e-01
+1.2714768483519355e-03 +5.5485837703548635e-01 +8.7875537361677347e-01
+1.3285231516480644e-03 +5.5485837703548635e-01 +8.7602218776213725e-01
+1.3765055323929467e-03 +3.7847495629784700e-01 +8.7371395378213212e-01
+1.4000000000000000e-03 +6.6666666666666666e-02 +8.7258039892467854e-01

+1.4000000000000000e-03 +6.6666666666666666e-02 +8.7258039878985016e-01
+1.4234944676070535e-03 +3.7847495629784700e-01 +8.7144454291939555e-01
+1.4714768483519353e-03 +5.5485837703548635e-01 +8.6911731469352571e-01
+1.5285231516480645e-03 +5.5485837703548635e-01 +8.6633659675810348e-01
+1.5765055323929465e-03 +3.7847495629784700e-01 +8.6398524019358480e-01
+1.6000000000000001e-03 +6.6666666666666666e-02 +8.6282953230063075e-01

+1.6000000000000001e-03 +6.6666666666666666e-02 +8.6282953216268210e-01
+1.6234944676070536e-03 +3.7847495629784700e-01 +8.6167084424240292e-01
+1.6714768483519357e-03 +5.5485837703548635e-01 +8.5929488527633580e-01
+1.7285231516480646e-03 +5.5485837703548635e-01 +8.5645257309862255e-01
+1.7765055323929466e-03 +3.7847495629784700e-01 +8.5404633659031226e-01
+1.8000000000000002e-03 +6.6666666666666666e-02 +8.5286273223362807e-01

+1.8000000000000002e-03 +6.6666666666666666e-02 +8.5286273208266361e-01
+1.8234944676070537e-03 +3.7847495629784700e-01 +8.5167547274074984e-01
+1.8714768483519355e-03 +5.5485837703548635e-01 +8.4923905901056562e-01
+1.9285231516480645e-03 +5.5485837703548635e-01 +8.4632117335811019e-01
+1.9765055323929465e-03 +3.7847495629784700e-01 +8.4384822815275129e-01
+2.0000000000000000e-03 +6.6666666666666666e-02 +8.4263090149650499e-01

+2.0000000000000000e-03 +6.6666666666666666e-02 +8.4263090132163332e-01
+2.0234944676070536e-03 +3.7847495629784700e-01 +8.4140921731174345e-01
+2.0714768483519356e-03 +5.5485837703548635e-01 +8.3890029343445349e-01
+2.1285231516480646e-03 +5.5485837703548635e-01 +8.3589228553985351e-01
+2.1765055323929466e-03 +3.7847495629784700e-01 +8.3334017254417503e-01
+2.2000000000000001e-03 +6.6666666666666666e-02 +8.3208293750697959e-01

+2.2000000000000001e-03 +6.6666666666666666e-02 +8.3208293729743932e-01
+2.2234944676070537e-03 +3.7847495629784700e-01 +8.3082058054933150e-01
+2.2714768483519357e-03 +5.5485837703548635e-01 +8.2822617514830232e-01
+2.3285231516480646e-03 +5.5485837703548635e-01 +8.2511220978684185e-01
+2.3765055323929471e-03 +3.7847495629784700e-01 +8.2246721526617739e-01
+2.4000000000000002e-03 +6.6666666666666666e-02 +8.2116321191830555e-01

+2.4000000000000002e-03 +6.6666666666666666e-02 +8.2116321166645412e-01
+2.4234944676070538e-03 +3.7847495629784700e-01 +8.1985322007769501e-01
+2.4714768483519358e-03 +5.5485837703548635e-01 +8.1715877524542935e-01
+2.5285231516480647e-03 +5.5485837703548635e-01 +8.1392089811013235e-01
+2.5765055323929472e-03 +3.7847495629784700e-01 +8.1116732077905929e-01
+2.6000000000000003e-03 +6.6666666666666666e-02 +8.0980864487051762e-01

+2.6000000000000003e-03 +6.6666666666666666e-02 +8.0980864457781643e-01
+2.6234944676070539e-03 +3.7847495629784700e-01 +8.0844296356512912e-01
+2.6714768483519355e-03 +5.5485837703548635e-01 +8.0563153623035777e-01
+2.7285231516480644e-03 +5.5485837703548635e-01 +8.0224867734435545e-01
+2.7765055323929469e-03 +3.7847495629784700e-01 +7.9936794877637996e-01
+2.8000000000000000e-03 +6.6666666666666666e-02 +7.9794520689531490e-01

+2.8000000000000000e-03 +6.6666666666666666e-02 +7.9794520658246748e-01
+2.8234944676070535e-03 +3.7847495629784700e-01 +7.9651423481378703e-01
+2.8714768483519351e-03 +5.5485837703548635e-01 +7.9356553961251552e-01
+2.9285231516480645e-03 +5.5485837703548635e-01 +7.9001232427169188e-01
+2.9765055323929465e-03 +3.7847495629784700e-01 +7.8698196690870814e-01
+3.0000000000000001e-03 +6.6666666666666666e-02 +7.8548375290598083e-01

+3.0000000000000001e-03 +6.6666666666666666e-02 +7.8548375262723569e-01
+3.0234944676070536e-03 +3.7847495629784700e-01 +7.8397581007930683e-01
+3.0714768483519356e-03 +5.5485837703548635e-01 +7.8086510879208193e-01
+3.1285231516480646e-03 +5.5485837703548635e-01 +7.7711050029361073e-01
+3.1765055323929466e-03 +3.7847495629784700e-01 +7.7390296185282170e-01
+3.2000000000000002e-03 +6.6666666666666666e-02 +7.7231528059340115e-01

+3.2000000000000002e-03 +6.6666666666666666e-02 +7.7231528045234232e-01
+3.2234944676070537e-03 +3.7847495629784700e-01 +7.7071602999196487e-01
+3.2714768483519357e-03 +5.5485837703548635e-01 +7.6741294879277189e-01
+3.3285231516480647e-03 +5.5485837703548635e-01 +7.6341885418865263e-01
+3.3765055323929467e-03 +3.7847495629784700e-01 +7.6000036219999223e-01
+3.4000000000000002e-03 +6.6666666666666666e-02 +7.5830608335811300e-01

+3.4000000000000002e-03 +6.6666666666666666e-02 +7.5830608351691386e-01
+3.4234944676070538e-03 +3.7847495629784700e-01 +7.5659799745138390e-01
+3.4714768483519358e-03 +5.5485837703548635e-01 +7.5306548768662251e-01
+3.5285231516480648e-03 +5.5485837703548635e-01 +7.4878563814007970e-01
+3.5765055323929468e-03 +3.7847495629784700e-01 +7.4511538733872129e-01
+3.6000000000000003e-03 +6.6666666666666666e-02 +7.4329390038109378e-01

+3.6000000000000003e-03 +6.6666666666666666e-02 +7.4329390104795767e-01
+3.6234944676070539e-03 +3.7847495629784700e-01 +7.4145595614163828e-01
+3.6714768483519355e-03 +5.5485837703548635e-01 +7.3764981305082034e-01
+3.7285231516480644e-03 +5.5485837703548635e-01 +7.3302948341859298e-01
+3.7765055323929464e-03 +3.7847495629784700e-01 +7.2905969296553930e-01
+3.8000000000000000e-03 +6.6666666666666666e-02 +7.2708704706329164e-01

+3.8000000000000000e-03 +6.6666666666666666e-02 +7.2708704843775795e-01
+3.8234944676070535e-03 +3.7847495629784700e-01 +7.2509494669251917e-01
+3.8714768483519351e-03 +5.5485837703548635e-01 +7.2096453437135211e-01
+3.9285231516480645e-03 +5.5485837703548635e-01 +7.1594194081105200e-01
+3.9765055323929465e-03 +3.7847495629784700e-01 +7.1161953788315091e-01
+4.0000000000000001e-03 +6.6666666666666666e-02 +7.0946945178906529e-01

+4.0000000000000001e-03 +6.6666666666666666e-02 +7.0946945395192573e-01
+4.0234944676070536e-03 +3.7847495629784700e-01 +7.0729676223037574e-01
+4.0714768483519357e-03 +5.5485837703548635e-01 +7.0278776694148304e-01
+4.1285231516480642e-03 +5.5485837703548635e-01 +6.9729813731902657e-01
+4.1765055323929471e-03 +3.7847495629784700e-01 +6.9256889853327197e-01
+4.2000000000000006e-03 +6.6666666666666666e-02 +6.9021503927151562e-01

+4.2000000000000006e-03 +6.6666666666666666e-02 +6.9021504203881046e-01
+4.2234944676070542e-03 +3.7847495629784700e-01 +6.8783564025272159e-01
+4.2714768483519353e-03 +5.5485837703548635e-01 +6.8289560756053347e-01
+4.3285231516480647e-03 +5.5485837703548635e-01 +6.7687871969756308e-01
+4.3765055323929467e-03 +3.7847495629784700e-01 +6.7169441703353605e-01
+4.4000000000000003e-03 +6.6666666666666666e-02 +6.6911416374928612e-01

+4.4000000000000003e-03 +6.6666666666666666e-02 +6.6911416656883305e-01
+4.4234944676070538e-03 +3.7847495629784700e-01 +6.6650618157047470e-01
+4.4714768483519358e-03 +5.5485837703548635e-01 +6.6109306057538075e-01
+4.5285231516480643e-03 +5.5485837703548635e-01 +6.5450423044234063e-01
+4.5765055323929472e-03 +3.7847495629784700e-01 +6.4883248840960916e-01
+4.5999999999999999e-03 +6.6666666666666666e-02 +6.4601193436622906e-01

+4.5999999999999999e-03 +6.6666666666666666e-02 +6.4601193638056420e-01
+4.6234944676070543e-03 +3.7847495629784700e-01 +6.4316284187545603e-01
+4.6714768483519355e-03 +5.5485837703548635e-01 +6.3725564537587132e-01
+4.7285231516480649e-03 +5.5485837703548635e-01 +6.3007866433829096e-01
+4.7765055323929478e-03 +3.7847495629784700e-01 +6.2391387898013684e-01
+4.8000000000000004e-03 +6.6666666666666666e-02 +6.2085313333972547e-01

+4.8000000000000004e-03 +6.6666666666666666e-02 +6.2085313369181339e-01
+4.8234944676070549e-03 +3.7847495629784700e-01 +6.1776499271254470e-01
+4.8714768483519352e-03 +5.5485837703548635e-01 +6.1137422474966141e-01
+4.9285231516480645e-03 +5.5485837703548635e-01 +6.0363303001168311e-01
+4.9765055323929466e-03 +3.7847495629784700e-01 +5.9700533139275125e-01
+5.0000000000000001e-03 +6.6666666666666666e-02 +5.9372255465984314e-01

+5.0000000000000001e-03 +6.6666666666666666e-02 +5.9372255293924503e-01
+5.0234944676070536e-03 +3.7847495629784700e-01 +5.9041578885815804e-01
+5.0714768483519357e-03 +5.5485837703548635e-01 +5.8359022854246978e-01
+5.1285231516480650e-03 +5.5485837703548635e-01 +5.7535514714884484e-01
+5.1765055323929471e-03 +3.7847495629784700e-01 +5.6833392567381291e-01
+5.2000000000000006e-03 +6.6666666666666666e-02 +5.6486643406552173e-01

+5.2000000000000006e-03 +6.6666666666666666e-02 +5.6486643060580566e-01
+5.2234944676070542e-03 +3.7847495629784700e-01 +5.6138050420605234e-01
+5.2714768483519362e-03 +5.5485837703548635e-01 +5.5420721442863741e-01
+5.3285231516480647e-03 +5.5485837703548635e-01 +5.4559249997700010e-01
+5.3765055323929476e-03 +3.7847495629784700e-01 +5.3828222514772817e-01
+5.4000000000000003e-03 +6.6666666666666666e-02 +5.3468374479921488e-01

+5.4000000000000003e-03 +6.6666666666666666e-02 +5.3468374057142809e-01
+5.4234944676070538e-03 +3.7847495629784700e-01 +5.3107395355603848e-01
+5.4714768483519350e-03 +5.5485837703548635e-01 +5.2367039006974592e-01
+5.5285231516480644e-03 +5.5485837703548635e-01 +5.1482259518426743e-01
+5.5765055323929464e-03 +3.7847495629784700e-01 +5.0735132084057444e-01
+5.5999999999999999e-03 +6.6666666666666666e-02 +5.0368584792601789e-01

+5.5999999999999999e-03 +6.6666666666666666e-02 +5.0368584407187955e-01
+5.6234944676070535e-03 +3.7847495629784700e-01 +5.0001689602198596e-01
+5.6714768483519355e-03 +5.5485837703548635e-01 +4.9251691631524963e-01
+5.7285231516480649e-03 +5.5485837703548635e-01 +4.8359708937495416e-01
+5.7765055323929469e-03 +3.7847495629784700e-01 +4.7610079275255923e-01
+5.8000000000000005e-03 +6.6666666666666666e-02 +4.7243478273315448e-01

+5.8000000000000005e-03 +6.6666666666666666e-02 +4.7243478006465617e-01
+5.8234944676070540e-03 +3.7847495629784700e-01 +4.6877290545537526e-01
+5.8714768483519360e-03 +5.5485837703548635e-01 +4.6131067541706799e-01
+5.9285231516480645e-03 +5.5485837703548635e-01 +4.5247546081890572e-01
+5.9765055323929474e-03 +3.7847495629784700e-01 +4.4508261772696978e-01
+6.0000000000000001e-03 +6.6666666666666666e-02 +4.4147766153674156e-01

+6.0000000000000001e-03 +6.6666666666666666e-02 +4.4147766030850211e-01
+6.0234944676070545e-03 +3.7847495629784700e-01 +4.3788348602169025e-01
+6.0714768483519348e-03 +5.5485837703548635e-01 +4.3057954498883377e-01
+6.1285231516480642e-03 +5.5485837703548635e-01 +4.2196593460322507e-01
+6.1765055323929471e-03 +3.7847495629784700e-01 +4.1478594927885060e-01
+6.2000000000000006e-03 +6.6666666666666666e-02 +4.1129355803234868e-01

+6.2000000000000006e-03 +6.6666666666666666e-02 +4.1129355803335277e-01
+6.2234944676070542e-03 +3.7847495629784700e-01 +4.0781719481105738e-01
+6.2714768483519354e-03 +5.5485837703548635e-01 +4.0076940930258359e-01
+6.3285231516480647e-03 +5.5485837703548635e-01 +3.9248572474198634e-01
+6.3765055323929468e-03 +3.7847495629784700e-01 +3.8560280673991099e-01
+6.4000000000000003e-03 +6.6666666666666666e-02 +3.8226189305868774e-01

+6.4000000000000003e-03 +6.6666666666666666e-02 +3.8226189385828113e-01
+6.4234944676070539e-03 +3.7847495629784700e-01 +3.7894072639873932e-01
+6.4714768483519359e-03 +5.5485837703548635e-01 +3.7222071009278812e-01
+6.5285231516480644e-03 +5.5485837703548635e-01 +3.6434389633305253e-01
+6.5765055323929464e-03 +3.7847495629784700e-01 +3.5781599453821678e-01
+6.6000000000000000e-03 +6.6666666666666666e-02 +3.5465272425359784e-01

+6.6000000000000000e-03 +6.6666666666666666e-02 +3.5465272542108395e-01
+6.6234944676070535e-03 +3.7847495629784700e-01 +3.5151149464297099e-01
+6.6714768483519355e-03 +5.5485837703548635e-01 +3.4516544363931578e-01
+6.7285231516480649e-03 +5.5485837703548635e-01 +3.3774310785445194e-01
+6.7765055323929469e-03 +3.7847495629784700e-01 +3.3160438529296904e-01
+6.8000000000000005e-03 +6.6666666666666666e-02 +3.2863360905078964e-01

+6.8000000000000005e-03 +6.6666666666666666e-02 +3.2863361026963356e-01
+6.8234944676070540e-03 +3.7847495629784700e-01 +3.2568597385256720e-01
+6.8714768483519352e-03 +5.5485837703548635e-01 +3.1973820668095304e-01
+6.9285231516480646e-03 +5.5485837703548635e-01 +3.1279333613266641e-01
+6.9765055323929466e-03 +3.7847495629784700e-01 +3.0705846590355618e-01
+7.0000000000000001e-03 +6.6666666666666666e-02 +3.0428590562269364e-01

+7.0000000000000001e-03 +6.6666666666666666e-02 +3.0428590671127614e-01
+7.0234944676070537e-03 +3.7847495629784700e-01 +3.0153666843983418e-01
+7.0714768483519357e-03 +5.5485837703548635e-01 +2.9599427809487622e-01
+7.1285231516480651e-03 +5.5485837703548635e-01 +2.8953087120718057e-01
+7.1765055323929471e-03 +3.7847495629784700e-01 +2.8419979223433167e-01
+7.2000000000000007e-03 +6.6666666666666666e-02 +2.8162436026125887e-01

+7.2000000000000007e-03 +6.6666666666666666e-02 +2.8162436114472461e-01
+7.2234944676070542e-03 +3.7847495629784700e-01 +2.7907177702953845e-01
+7.2714768483519363e-03 +5.5485837703548635e-01 +2.7392928122640642e-01
+7.3285231516480647e-03 +5.5485837703548635e-01 +2.6793773421587913e-01
+7.3765055323929468e-03 +3.7847495629784700e-01 +2.6300003055058951e-01
+7.4000000000000003e-03 +6.6666666666666666e-02 +2.6061591629170316e-01

+7.4000000000000003e-03 +6.6666666666666666e-02 +2.6061591696196157e-01
+7.4234944676070539e-03 +3.7847495629784700e-01 +2.5825374108217297e-01
+7.4714768483519350e-03 +5.5485837703548635e-01 +2.5349712637342831e-01
+7.5285231516480644e-03 +5.5485837703548635e-01 +2.4795879418400635e-01
+7.5765055323929464e-03 +3.7847495629784700e-01 +2.4339731431217021e-01
+7.6000000000000000e-03 +6.6666666666666666e-02 +2.4119568264536553e-01

+7.6000000000000000e-03 +6.6666666666666666e-02 +2.4119568312775821e-01
+7.6234944676070535e-03 +3.7847495629784700e-01 +2.3901481716426345e-01
+7.6714768483519356e-03 +5.5485837703548635e-01 +2.3462475565437629e-01
+7.7285231516480649e-03 +5.5485837703548635e-01 +2.2951551237037338e-01
+7.7765055323929470e-03 +3.7847495629784700e-01 +2.2530914556136175e-01
+7.8000000000000005e-03 +6.6666666666666666e-02 +2.2327942504810558e-01

+7.8000000000000005e-03 +6.6666666666666666e-02 +2.2327942537967779e-01
+7.8234944676070541e-03 +3.7847495629784700e-01 +2.2126916089133625e-01
+7.8714768483519361e-03 +5.5485837703548635e-01 +2.1722340779095112e-01
+7.9285231516480637e-03 +5.5485837703548635e-01 +2.1251626178513669e-01
+7.9765055323929475e-03 +3.7847495629784700e-01 +2.0864194887925916e-01
+8.0000000000000002e-03 +6.6666666666666666e-02 +2.0677275612497301e-01

+8.0000000000000002e-03 +6.6666666666666666e-02 +2.0677275634259054e-01
+8.0234944676070546e-03 +3.7847495629784700e-01 +2.0492166087652050e-01
+8.0714768483519349e-03 +5.5485837703548635e-01 +2.0119674963786055e-01
+8.1285231516480642e-03 +5.5485837703548635e-01 +1.9686366901682378e-01
+8.1765055323929480e-03 +3.7847495629784700e-01 +1.9329778828505684e-01
+8.2000000000000007e-03 +6.6666666666666666e-02 +1.9157755952580144e-01

+8.2000000000000007e-03 +6.6666666666666666e-02 +1.9157755966102660e-01
+8.2234944676070551e-03 +3.7847495629784700e-01 +1.8987407878720133e-01
+8.2714768483519354e-03 +5.5485837703548635e-01 +1.8644646295931272e-01
+8.3285231516480648e-03 +5.5485837703548635e-01 +1.8245958947408650e-01
+8.3765055323929485e-03 +3.7847495629784700e-01 +1.7917886603113309e-01
+8.4000000000000012e-03 +6.6666666666666666e-02 +1.7759626771080286e-01

+8.4000000000000012e-03 +6.6666666666666666e-02 +1.7759626778852081e-01
+8.4234944676070539e-03 +3.7847495629784700e-01 +1.7602911400887694e-01
+8.4714768483519359e-03 +5.5485837703548635e-01 +1.7287589766666583e-01
+8.5285231516480653e-03 +5.5485837703548635e-01 +1.6920831145329690e-01
+8.5765055323929473e-03 +3.7847495629784700e-01 +1.6619038075277265e-01
+8.6000000000000000e-03 +6.6666666666666666e-02 +1.6473456084125451e-01

+8.6000000000000000e-03 +6.6666666666666666e-02 +1.6473456088003069e-01
+8.6234944676070544e-03 +3.7847495629784700e-01 +1.6329294968519328e-01
+8.6714768483519347e-03 +5.5485837703548635e-01 +1.6039232482035870e-01
+8.7285231516480641e-03 +5.5485837703548635e-01 +1.5701849234486304e-01
+8.7765055323929461e-03 +3.7847495629784700e-01 +1.5424222199799284e-01
+8.8000000000000005e-03 +6.6666666666666666e-02 +1.5290295073882598e-01

+8.8000000000000005e-03 +6.6666666666666666e-02 +1.5290295075203122e-01
+8.8234944676070549e-03 +3.7847495629784700e-01 +1.5157673098139632e-01
+8.8714768483519370e-03 +5.5485837703548635e-01 +1.4890821346356894e-01
+8.9285231516480646e-03 +5.5485837703548635e-01 +1.4580421958706311e-01
+8.9765055323929484e-03 +3.7847495629784700e-01 +1.4324986790376001e-01
+9.0000000000000011e-03 +6.6666666666666666e-02 +1.4201760429713248e-01

+9.0000000000000011e-03 +6.6666666666666666e-02 +1.4201760429411769e-01
+9.0234944676070537e-03 +3.7847495629784700e-01 +1.4079731777613511e-01
+9.0714768483519358e-03 +5.5485837703548635e-01 +1.3834184932034652e-01
+9.1285231516480651e-03 +5.5485837703548635e-01 +1.3548548699838583e-01
+9.1765055323929472e-03 +3.7847495629784700e-01 +1.3313475480830098e-01
+9.1999999999999998e-03 +6.6666666666666666e-02 +1.3200066485736989e-01

+9.1999999999999998e-03 +6.6666666666666666e-02 +1.3200066484450523e-01
+9.2234944676070543e-03 +3.7847495629784700e-01 +1.3087756029417733e-01
+9.2714768483519346e-03 +5.5485837703548635e-01 +1.2861752431821297e-01
+9.3285231516480639e-03 +5.5485837703548635e-01 +1.2598829371960019e-01
+9.3765055323929460e-03 +3.7847495629784700e-01 +1.2382430901363509e-01
+9.4000000000000004e-03 +6.6666666666666666e-02 +1.2278025384058149e-01

+9.4000000000000004e-03 +6.6666666666666666e-02 +1.2278025382215246e-01
+9.4234944676070548e-03 +3.7847495629784700e-01 +1.2174627231715848e-01
+9.4714768483519351e-03 +5.5485837703548635e-01 +1.1966545674225704e-01
+9.5285231516480644e-03 +5.5485837703548635e-01 +1.1724450929841942e-01
+9.5765055323929482e-03 +3.7847495629784700e-01 +1.1525177163172319e-01
+9.6000000000000009e-03 +6.6666666666666666e-02 +1.1429027774762457e-01

+9.6000000000000009e-03 +6.6666666666666666e-02 +1.1429027772644529e-01
+9.6234944676070553e-03 +3.7847495629784700e-01 +1.1333802148032183e-01
+9.6714768483519356e-03 +5.5485837703548635e-01 +1.1142155074590690e-01
+9.7285231516480632e-03 +5.5485837703548635e-01 +1.0919160191385212e-01
+9.7765055323929470e-03 +3.7847495629784700e-01 +1.0735590450468496e-01
+9.7999999999999997e-03 +6.6666666666666666e-02 +1.0647012437673353e-01

+9.7999999999999997e-03 +6.6666666666666666e-02 +1.0647012435459609e-01
+9.8234944676070524e-03 +3.7847495629784700e-01 +1.0559281653497059e-01
+9.8714768483519344e-03 +5.5485837703548635e-01 +1.0382706749133286e-01
+9.9285231516480638e-03 +5.5485837703548635e-01 +1.0177229379337653e-01
+9.9765055323929475e-03 +3.7847495629784700e-01 +1.0008063497975196e-01
+1.0000000000000000e-02 +6.6666666666666666e-02 +9.9264303167719850e-02

+1.0000000000000000e-02 +6.6666666666666666e-02 +9.9264303145733604e-02
+1.0023494467607055e-02 +3.7847495629784700e-01 +9.8455743738217083e-02
+1.0071476848351935e-02 +5.5485837703548635e-01 +9.6828254838099898e-02
+1.0128523151648064e-02 +5.5485837703548635e-01 +9.4934185106454211e-02
+1.0176505532392948e-02 +3.7847495629784700e-01 +9.3374676543655305e-02
+1.0200000000000001e-02 +6.6666666666666666e-02 +9.2622064724834099e-02

+1.0200000000000001e-02 +6.6666666666666666e-02 +9.2622064703663506e-02
+1.0223494467607053e-02 +3.7847495629784700e-01 +9.1876585558479565e-02
+1.0271476848351935e-02 +5.5485837703548635e-01 +9.0375965222790774e-02
+1.0328523151648065e-02 +5.5485837703548635e-01 +8.8629372183297125e-02
+1.0376505532392949e-02 +3.7847495629784700e-01 +8.7191148298134666e-02
+1.0400000000000001e-02 +6.6666666666666666e-02 +8.6497021195802673e-02

+1.0400000000000001e-02 +6.6666666666666666e-02 +8.6497021175816410e-02
+1.0423494467607056e-02 +3.7847495629784700e-01 +8.5809442131403887e-02
+1.0471476848351936e-02 +5.5485837703548635e-01 +8.4425279807683898e-02
+1.0528523151648064e-02 +5.5485837703548635e-01 +8.2814075626767958e-02
+1.0576505532392946e-02 +3.7847495629784700e-01 +8.1487206955235189e-02
+1.0600000000000000e-02 +6.6666666666666666e-02 +8.0846780328988968e-02

+1.0600000000000000e-02 +6.6666666666666666e-02 +8.0846780310363006e-02
+1.0623494467607054e-02 +3.7847495629784700e-01 +8.0212367473934176e-02
+1.0671476848351935e-02 +5.5485837703548635e-01 +7.8935149365584920e-02
+1.0728523151648064e-02 +5.5485837703548635e-01 +7.7448287151081360e-02
+1.0776505532392948e-02 +3.7847495629784700e-01 +7.6223698963166234e-02
+1.0800000000000001e-02 +6.6666666666666666e-02 +7.5632600266523395e-02

+1.0800000000000001e-02 +6.6666666666666666e-02 +7.5632600249318616e-02
+1.0823494467607055e-02 +3.7847495629784700e-01 +7.5047026989790183e-02
+1.0871476848351935e-02 +5.5485837703548635e-01 +7.3868057446335414e-02
+1.0928523151648065e-02 +5.5485837703548635e-01 +7.2495439651180604e-02
+1.0976505532392947e-02 +3.7847495629784700e-01 +7.1364836490747513e-02
+1.1000000000000001e-02 +6.6666666666666666e-02 +7.0819068452365491e-02

+1.1000000000000001e-02 +6.6666666666666666e-02 +7.0819068436569252e-02
+1.1023494467607054e-02 +3.7847495629784700e-01 +7.0278379315097117e-02
+1.1071476848351934e-02 +5.5485837703548635e-01 +6.9189708253936638e-02
+1.1128523151648063e-02 +5.5485837703548635e-01 +6.7922102282522837e-02
+1.1176505532392947e-02 +3.7847495629784700e-01 +6.6877898570635474e-02
+1.1200000000000000e-02 +6.6666666666666666e-02 +6.6373805740926564e-02

+1.1200000000000000e-02 +6.6666666666666666e-02 +6.6373805726483853e-02
+1.1223494467607054e-02 +3.7847495629784700e-01 +6.5874383387609092e-02
+1.1271476848351936e-02 +5.5485837703548635e-01 +6.4868739740751011e-02
+1.1328523151648064e-02 +5.5485837703548635e-01 +6.3697700667154480e-02
+1.1376505532392946e-02 +3.7847495629784700e-01 +6.2732957231773134e-02
+1.1400000000000000e-02 +6.6666666666666666e-02 +6.2267195409764262e-02

+1.1400000000000000e-02 +6.6666666666666666e-02 +6.2267195396592930e-02
+1.1423494467607053e-02 +3.7847495629784700e-01 +6.1805730324235066e-02
+1.1471476848351935e-02 +5.5485837703548635e-01 +6.0876461284257173e-02
+1.1528523151648064e-02 +5.5485837703548635e-01 +5.9794261367422163e-02
+1.1576505532392948e-02 +3.7847495629784700e-01 +5.8902627601513317e-02
+1.1600000000000001e-02 +6.6666666666666666e-02 +5.8472135986688260e-02

+1.1600000000000001e-02 +6.6666666666666666e-02 +5.8472135974697734e-02
+1.1623494467607055e-02 +3.7847495629784700e-01 +5.8045598952001162e-02
+1.1671476848351936e-02 +5.5485837703548635e-01 +5.7186614673006217e-02
+1.1728523151648063e-02 +5.5485837703548635e-01 +5.6186179236903833e-02
+1.1776505532392949e-02 +3.7847495629784700e-01 +5.5361840506006017e-02
+1.1800000000000000e-02 +6.6666666666666666e-02 +5.4963816385136685e-02

+1.1800000000000000e-02 +6.6666666666666666e-02 +5.4963816374227710e-02
+1.1823494467607054e-02 +3.7847495629784700e-01 +5.4569433455052101e-02
+1.1871476848351934e-02 +5.5485837703548635e-01 +5.3775156809581046e-02
+1.1928523151648064e-02 +5.5485837703548635e-01 +5.2850006005182068e-02
+1.1976505532392948e-02 +3.7847495629784700e-01 +5.2087635893158311e-02
+1.2000000000000000e-02 +6.6666666666666666e-02 +5.1719511659786797e-02

+1.2000000000000000e-02 +6.6666666666666666e-02 +5.1719511649865581e-02
+1.2023494467607055e-02 +3.7847495629784700e-01 +5.1354741438911000e-02
+1.2071476848351935e-02 +5.5485837703548635e-01 +5.0620062415764965e-02
+1.2128523151648064e-02 +5.5485837703548635e-01 +4.9764258371664510e-02
+1.2176505532392946e-02 +3.7847495629784700e-01 +4.9058975351182005e-02
+1.2200000000000001e-02 +6.6666666666666666e-02 +4.8718397656068300e-02

+1.2200000000000001e-02 +6.6666666666666666e-02 +4.8718397647054053e-02
+1.2223494467607055e-02 +3.7847495629784700e-01 +4.8380910687748233e-02
+1.2271476848351935e-02 +5.5485837703548635e-01 +4.7701145022674071e-02
+1.2328523151648063e-02 +5.5485837703548635e-01 +4.6909243904337143e-02
+1.2376505532392949e-02 +3.7847495629784700e-01 +4.6256572033451765e-02
+1.2400000000000001e-02 +6.6666666666666666e-02 +4.5941382872637458e-02

+1.2400000000000001e-02 +6.6666666666666666e-02 +4.5941382864446947e-02
+1.2423494467607056e-02 +3.7847495629784700e-01 +4.5629042942500045e-02
+1.2471476848351936e-02 +5.5485837703548635e-01 +4.4999894593709594e-02
+1.2528523151648064e-02 +5.5485837703548635e-01 +4.4266903117794389e-02
+1.2576505532392947e-02 +3.7847495629784700e-01 +4.3662736388002242e-02
+1.2600000000000000e-02 +6.6666666666666666e-02 +4.3370955947409459e-02

+1.2600000000000000e-02 +6.6666666666666666e-02 +4.3370955939962347e-02
+1.2623494467607055e-02 +3.7847495629784700e-01 +4.3081803123058343e-02
+1.2671476848351935e-02 +5.5485837703548635e-01 +4.2499330230083607e-02
+1.2728523151648064e-02 +5.5485837703548635e-01 +4.1820666212941816e-02
+1.2776505532392948e-02 +3.7847495629784700e-01 +4.1261236202241099e-02
+1.2800000000000001e-02 +6.6666666666666666e-02 +4.0991047291776106e-02

+1.2800000000000001e-02 +6.6666666666666666e-02 +4.0991047285005855e-02
+1.2823494467607055e-02 +3.7847495629784700e-01 +4.0723282533340302e-02
+1.2871476848351937e-02 +5.5485837703548635e-01 +4.0183866526764443e-02
+1.2928523151648065e-02 +5.5485837703548635e-01 +3.9555323081136996e-02
+1.2976505532392948e-02 +3.7847495629784700e-01 +3.9037169595274840e-02
+1.3000000000000001e-02 +6.6666666666666666e-02 +3.8786903519823251e-02

+1.3000000000000001e-02 +6.6666666666666666e-02 +3.8786903513664650e-02
+1.3023494467607056e-02 +3.7847495629784700e-01 +3.8538874710397318e-02
+1.3071476848351936e-02 +5.5485837703548635e-01 +3.8039192269475747e-02
+1.3128523151648065e-02 +5.5485837703548635e-01 +3.7456905298105289e-02
+1.3176505532392947e-02 +3.7847495629784700e-01 +3.6976849711994698e-02
+1.3200000000000000e-02 +6.6666666666666666e-02 +3.6744973440795969e-02

+1.3200000000000000e-02 +6.6666666666666666e-02 +3.6744973435190641e-02
+1.3223494467607054e-02 +3.7847495629784700e-01 +3.6515162699847212e-02
+1.3271476848351935e-02 +5.5485837703548635e-01 +3.6052160283288164e-02
+1.3328523151648064e-02 +5.5485837703548635e-01 +3.5512578951414631e-02
+1.3376505532392948e-02 +3.7847495629784700e-01 +3.5067699990229531e-02
+1.3400000000000000e-02 +6.6666666666666666e-02 +3.4852804499331348e-02

+1.3400000000000000e-02 +6.6666666666666666e-02 +3.4852804494228146e-02
+1.3423494467607055e-02 +3.7847495629784700e-01 +3.4639816655354302e-02
+1.3471476848351935e-02 +5.5485837703548635e-01 +3.4210687357124708e-02
+1.3528523151648066e-02 +5.5485837703548635e-01 +3.3710547256657897e-02
+1.3576505532392948e-02 +3.7847495629784700e-01 +3.3298158981572470e-02
+1.3600000000000001e-02 +6.6666666666666666e-02 +3.3098948656458516e-02

+1.3600000000000001e-02 +6.6666666666666666e-02 +3.3098948651810768e-02
+1.3623494467607055e-02 +3.7847495629784700e-01 +3.2901500767229287e-02
+1.3671476848351936e-02 +5.5485837703548635e-01 +3.2503663273692279e-02
+1.3728523151648065e-02 +5.5485837703548635e-01 +3.2039962020364701e-02
+1.3776505532392949e-02 +3.7847495629784700e-01 +3.1657593807185143e-02
+1.3800000000000002e-02 +6.6666666666666666e-02 +3.1472876803779977e-02

+1.3800000000000002e-02 +6.6666666666666666e-02 +3.1472876799545024e-02
+1.3823494467607056e-02 +3.7847495629784700e-01 +3.1289788623774156e-02
+1.3871476848351934e-02 +5.5485837703548635e-01 +3.0920868070723546e-02
+1.3928523151648064e-02 +5.5485837703548635e-01 +3.0490843101243972e-02
+1.3976505532392948e-02 +3.7847495629784700e-01 +3.0136221421400239e-02
+1.4000000000000000e-02 +6.6666666666666666e-02 +2.9964900893928233e-02

+1.4000000000000000e-02 +6.6666666666666666e-02 +2.9964900890067980e-02
+1.4023494467607055e-02 +3.7847495629784700e-01 +2.9795086198413971e-02
+1.4071476848351935e-02 +5.5485837703548635e-01 +2.9452896746761173e-02
+1.4128523151648063e-02 +5.5485837703548635e-01 +2.9054005106395570e-02
+1.4176505532392948e-02 +3.7847495629784700e-01 +2.8725036938765828e-02
+1.4200000000000001e-02 +6.6666666666666666e-02 +2.8566103052019828e-02

+1.4200000000000001e-02 +6.6666666666666666e-02 +2.8566103048499460e-02
+1.4223494467607055e-02 +3.7847495629784700e-01 +2.8408561736477860e-02
+1.4271476848351936e-02 +5.5485837703548635e-01 +2.8091090703474975e-02
+1.4328523151648065e-02 +5.5485837703548635e-01 +2.7720990635377470e-02
+1.4376505532392949e-02 +3.7847495629784700e-01 +2.7415748354628441e-02
+1.4400000000000001e-02 +6.6666666666666666e-02 +2.7268271006530630e-02

+1.4400000000000001e-02 +6.6666666666666666e-02 +2.7268271003316819e-02
+1.4423494467607056e-02 +3.7847495629784700e-01 +2.7122081888113537e-02
+1.4471476848351936e-02 +5.5485837703548635e-01 +2.6827475287285209e-02
+1.4528523151648065e-02 +5.5485837703548635e-01 +2.6484009453810280e-02
+1.4576505532392947e-02 +3.7847495629784700e-01 +2.6200717056298305e-02
+1.4600000000000000e-02 +6.6666666666666666e-02 +2.6063839243938024e-02

+1.4600000000000000e-02 +6.6666666666666666e-02 +2.6063839241005186e-02
+1.4623494467607055e-02 +3.7847495629784700e-01 +2.5928153499053527e-02
+1.4671476848351937e-02 +5.5485837703548635e-01 +2.5654702856639185e-02
+1.4728523151648064e-02 +5.5485837703548635e-01 +2.5335883039676474e-02
+1.4776505532392948e-02 +3.7847495629784700e-01 +2.5072903581767420e-02
+1.4800000000000001e-02 +6.6666666666666666e-02 +2.4945835350806689e-02

+1.4800000000000001e-02 +6.6666666666666666e-02 +2.4945835348127381e-02
+1.4823494467607055e-02 +3.7847495629784700e-01 +2.4819870529376523e-02
+1.4871476848351935e-02 +5.5485837703548635e-01 +2.4566000858170380e-02
+1.4928523151648065e-02 +5.5485837703548635e-01 +2.4269994000716010e-02
+1.4976505532392949e-02 +3.7847495629784700e-01 +2.4025818136733490e-02
+1.5000000000000001e-02 +6.6666666666666666e-02 +2.3907831059950625e-02

+1.5000000000000001e-02 +6.6666666666666666e-02 +2.3907831057501425e-02
+1.5023494467607056e-02 +3.7847495629784700e-01 +2.3790865622802172e-02
+1.5071476848351934e-02 +5.5485837703548635e-01 +2.3555124446010964e-02
+1.5128523151648064e-02 +5.5485837703548635e-01 +2.3280239910738819e-02
+1.5176505532392947e-02 +3.7847495629784700e-01 +2.3053475428823786e-02
+1.5200000000000000e-02 +6.6666666666666666e-02 +2.2943897564893928e-02

+1.5200000000000000e-02 +6.6666666666666666e-02 +2.2943897562654223e-02
+1.5223494467607054e-02 +3.7847495629784700e-01 +2.2835265895983732e-02
+1.5271476848351935e-02 +5.5485837703548635e-01 +2.2616313224244722e-02
+1.5328523151648066e-02 +5.5485837703548635e-01 +2.2360991156957433e-02
+1.5376505532392948e-02 +3.7847495629784700e-01 +2.2150353421061968e-02
+1.5400000000000000e-02 +6.6666666666666666e-02 +2.2048564709466905e-02

+1.5400000000000000e-02 +6.6666666666666666e-02 +2.2048564707418325e-02
+1.5423494467607055e-02 +3.7847495629784700e-01 +2.1947652559321778e-02
+1.5471476848351935e-02 +5.5485837703548635e-01 +2.1744251733452191e-02
+1.5528523151648065e-02 +5.5485837703548635e-01 +2.1507052430230458e-02
+1.5576505532392948e-02 +3.7847495629784700e-01 +2.1311355645360620e-02
+1.5600000000000001e-02 +6.6666666666666666e-02 +2.1216783697563649e-02

+1.5600000000000001e-02 +6.6666666666666666e-02 +2.1216783695688586e-02
+1.5623494467607055e-02 +3.7847495629784700e-01 +2.1123024018580575e-02
+1.5671476848351934e-02 +5.5485837703548635e-01 +2.0934033339069836e-02
+1.5728523151648067e-02 +5.5485837703548635e-01 +2.0713627525675803e-02
+1.5776505532392949e-02 +3.7847495629784700e-01 +2.0531776751522391e-02
+1.5800000000000002e-02 +6.6666666666666666e-02 +2.0443893002415232e-02

+1.5800000000000002e-02 +6.6666666666666666e-02 +2.0443893000698318e-02
+1.5823494467607058e-02 +3.7847495629784700e-01 +2.0356762140414819e-02
+1.5871476848351936e-02 +5.5485837703548635e-01 +2.0181127212302245e-02
+1.5928523151648062e-02 +5.5485837703548635e-01 +1.9976287153219110e-02
+1.5976505532392948e-02 +3.7847495629784700e-01 +1.9807270998449616e-02
+1.6000000000000000e-02 +6.6666666666666666e-02 +1.9725587185487451e-02

+1.6000000000000000e-02 +6.6666666666666666e-02 +1.9725587183916655e-02
+1.6023494467607053e-02 +3.7847495629784700e-01 +1.9644601395380774e-02
+1.6071476848351935e-02 +5.5485837703548635e-01 +1.9481348123956549e-02
+1.6128523151648061e-02 +5.5485837703548635e-01 +1.9290939486272373e-02
+1.6176505532392946e-02 +3.7847495629784700e-01 +1.9133823422264558e-02
+1.6199999999999999e-02 +6.6666666666666666e-02 +1.9057888362868064e-02

+1.6199999999999999e-02 +6.6666666666666666e-02 +1.9057888361428323e-02
+1.6223494467607055e-02 +3.7847495629784700e-01 +1.8982600619263601e-02
+1.6271476848351934e-02 +5.5485837703548635e-01 +1.8830828798197051e-02
+1.6328523151648063e-02 +5.5485837703548635e-01 +1.8653803202726572e-02
+1.6376505532392949e-02 +3.7847495629784700e-01 +1.8507723441279444e-02
+1.6400000000000001e-02 +6.6666666666666666e-02 +1.8437120081801952e-02

+1.6400000000000001e-02 +6.6666666666666666e-02 +1.8437120080480696e-02
+1.6423494467607054e-02 +3.7847495629784700e-01 +1.8367117158260303e-02
+1.6471476848351936e-02 +5.5485837703548635e-01 +1.8225994597238896e-02
+1.6528523151648065e-02 +5.5485837703548635e-01 +1.8061382795577129e-02
+1.6576505532392947e-02 +3.7847495629784700e-01 +1.7925540680413930e-02
+1.6600000000000000e-02 +6.6666666666666666e-02 +1.7859883392527757e-02

+1.6600000000000000e-02 +6.6666666666666666e-02 +1.7859883391315980e-02
+1.6623494467607056e-02 +3.7847495629784700e-01 +1.7794783185537150e-02
+1.6671476848351935e-02 +5.5485837703548635e-01 +1.7663540329542864e-02
+1.6728523151648064e-02 +5.5485837703548635e-01 +1.7510445951558894e-02
+1.6776505532392950e-02 +3.7847495629784700e-01 +1.7384102818091936e-02
+1.6800000000000002e-02 +6.6666666666666666e-02 +1.7323034920720452e-02

+1.6800000000000002e-02 +6.6666666666666666e-02 +1.7323034919608314e-02
+1.6823494467607055e-02 +3.7847495629784700e-01 +1.7262483996777288e-02
+1.6871476848351937e-02 +5.5485837703548635e-01 +1.7140408993517969e-02
+1.6928523151648067e-02 +5.5485837703548635e-01 +1.6998002814948138e-02
+1.6976505532392949e-02 +3.7847495629784700e-01 +1.6880475277080455e-02
+1.7000000000000001e-02 +6.6666666666666666e-02 +1.6823666763994417e-02

+1.7000000000000001e-02 +6.6666666666666666e-02 +1.6823666762973047e-02
+1.7023494467607057e-02 +3.7847495629784700e-01 +1.6767338110143998e-02
+1.7071476848351936e-02 +5.5485837703548635e-01 +1.6653772286302462e-02
+1.7128523151648065e-02 +5.5485837703548635e-01 +1.6521286970808787e-02
+1.7176505532392947e-02 +3.7847495629784700e-01 +1.6411942597301759e-02
+1.7200000000000000e-02 +6.6666666666666666e-02 +1.6359088052390190e-02

+1.7200000000000000e-02 +6.6666666666666666e-02 +1.6359088051451889e-02
+1.7223494467607053e-02 +3.7847495629784700e-01 +1.6306679012443575e-02
+1.7271476848351935e-02 +5.5485837703548635e-01 +1.6201012722947793e-02
+1.7328523151648068e-02 +5.5485837703548635e-01 +1.6077737997189055e-02
+1.7376505532392950e-02 +3.7847495629784700e-01 +1.5975991343660501e-02
+1.7400000000000002e-02 +6.6666666666666666e-02 +1.5926808027508853e-02

+1.7400000000000002e-02 +6.6666666666666666e-02 +1.5926808026646595e-02
+1.7423494467607058e-02 +3.7847495629784700e-01 +1.5878038407739978e-02
+1.7471476848351937e-02 +5.5485837703548635e-01 +1.5779707225642158e-02
+1.7528523151648066e-02 +5.5485837703548635e-01 +1.5664985449756624e-02
+1.7576505532392948e-02 +3.7847495629784700e-01 +1.5570294415423749e-02
+1.7600000000000001e-02 +6.6666666666666666e-02 +1.5524520508362684e-02

+1.7600000000000001e-02 +6.6666666666666666e-02 +1.5524520507570470e-02
+1.7623494467607054e-02 +3.7847495629784700e-01 +1.5479130838030217e-02
+1.7671476848351936e-02 +5.5485837703548635e-01 +1.5387612055480383e-02
+1.7728523151648065e-02 +5.5485837703548635e-01 +1.5280834154775488e-02
+1.7776505532392951e-02 +3.7847495629784700e-01 +1.5192696635923477e-02
+1.7800000000000000e-02 +6.6666666666666666e-02 +1.5150089624039848e-02

+1.7800000000000000e-02 +6.6666666666666666e-02 +1.5150089623311642e-02
+1.7823494467607056e-02 +3.7847495629784700e-01 +1.5107839557362009e-02
+1.7871476848351935e-02 +5.5485837703548635e-01 +1.5022648970905916e-02
+1.7928523151648064e-02 +5.5485837703548635e-01 +1.4923250697709008e-02
+1.7976505532392949e-02 +3.7847495629784700e-01 +1.4841201512385041e-02
+1.8000000000000002e-02 +6.6666666666666666e-02 +1.4801536704231085e-02

+1.8000000000000002e-02 +6.6666666666666666e-02 +1.4801536703560842e-02
+1.8023494467607055e-02 +3.7847495629784700e-01 +1.4762203551696931e-02
+1.8071476848351933e-02 +5.5485837703548635e-01 +1.4682892507508143e-02
+1.8128523151648063e-02 +5.5485837703548635e-01 +1.4590351004891543e-02
+1.8176505532392948e-02 +3.7847495629784700e-01 +1.4513959065640064e-02
+1.8200000000000001e-02 +6.6666666666666666e-02 +1.4477028228474544e-02

+1.8200000000000001e-02 +6.6666666666666666e-02 +1.4477028227857963e-02
+1.8223494467607057e-02 +3.7847495629784700e-01 +1.4440405606439031e-02
+1.8271476848351936e-02 +5.5485837703548635e-01 +1.4366558283330555e-02
+1.8328523151648062e-02 +5.5485837703548635e-01 +1.4280388925015009e-02
+1.8376505532392947e-02 +3.7847495629784700e-01 +1.4209254638546482e-02
+1.8400000000000000e-02 +6.6666666666666666e-02 +1.4174864743945271e-02

+1.8400000000000000e-02 +6.6666666666666666e-02 +1.4174864743377244e-02
+1.8423494467607056e-02 +3.7847495629784700e-01 +1.4140761332466811e-02
+1.8471476848351934e-02 +5.5485837703548635e-01 +1.4071992242480348e-02
+1.8528523151648064e-02 +5.5485837703548635e-01 +1.3991745725475457e-02
+1.8576505532392949e-02 +3.7847495629784700e-01 +1.3925498600047694e-02
+1.8600000000000002e-02 +6.6666666666666666e-02 +1.3893470669625672e-02

+1.8600000000000002e-02 +6.6666666666666666e-02 +1.3893470669102351e-02
+1.8623494467607055e-02 +3.7847495629784700e-01 +1.3861709069377302e-02
+1.8671476848351937e-02 +5.5485837703548635e-01 +1.3797660757564077e-02
+1.8728523151648066e-02 +5.5485837703548635e-01 +1.3722920426223053e-02
+1.8776505532392948e-02 +3.7847495629784700e-01 +1.3661216869214097e-02
+1.8800000000000001e-02 +6.6666666666666666e-02 +1.3631384912020914e-02

+1.8800000000000001e-02 +6.6666666666666666e-02 +1.3631384911538837e-02
+1.8823494467607053e-02 +3.7847495629784700e-01 +1.3601800591938091e-02
+1.8871476848351935e-02 +5.5485837703548635e-01 +1.3542141518562815e-02
+1.8928523151648065e-02 +5.5485837703548635e-01 +1.3472520900573704e-02
+1.8976505532392947e-02 +3.7847495629784700e-01 +1.3415042190262532e-02
+1.9000000000000000e-02 +6.6666666666666666e-02 +1.3387252224156834e-02

+1.9000000000000000e-02 +6.6666666666666666e-02 +1.3387252223712414e-02
+1.9023494467607052e-02 +3.7847495629784700e-01 +1.3359692552200556e-02
+1.9071476848351934e-02 +5.5485837703548635e-01 +1.3304115142055954e-02
+1.9128523151648064e-02 +5.5485837703548635e-01 +1.3239255678610071e-02
+1.9176505532392949e-02 +3.7847495629784700e-01 +1.3185706095578079e-02
+1.9200000000000002e-02 +6.6666666666666666e-02 +1.3159815245542923e-02

+1.9200000000000002e-02 +6.6666666666666666e-02 +1.3159815245133341e-02
+1.9223494467607058e-02 +3.7847495629784700e-01 +1.3134138595622909e-02
+1.9271476848351937e-02 +5.5485837703548635e-01 +1.3082357440482731e-02
+1.9328523151648062e-02 +5.5485837703548635e-01 +1.3021926394382705e-02
+1.9376505532392951e-02 +3.7847495629784700e-01 +1.2972031499189877e-02
+1.9400000000000001e-02 +6.6666666666666666e-02 +1.2947907166166587e-02

+1.9400000000000001e-02 +6.6666666666666666e-02 +1.2947907165788012e-02
+1.9423494467607057e-02 +3.7847495629784700e-01 +1.2923982094862391e-02
+1.9471476848351932e-02 +5.5485837703548635e-01 +1.2875732296275134e-02
+1.9528523151648061e-02 +5.5485837703548635e-01 +1.2819420823118939e-02
+1.9576505532392947e-02 +3.7847495629784700e-01 +1.2772925868040961e-02
+1.9599999999999999e-02 +6.6666666666666666e-02 +1.2750444962385964e-02

+1.9599999999999999e-02 +6.6666666666666666e-02 +1.2750444962036651e-02
+1.9623494467607052e-02 +3.7847495629784700e-01 +1.2728149449631337e-02
+1.9671476848351934e-02 +5.5485837703548635e-01 +1.2683185090332479e-02
+1.9728523151648063e-02 +5.5485837703548635e-01 +1.2630706459147023e-02
+1.9776505532392949e-02 +3.7847495629784700e-01 +1.2587374922756963e-02
+1.9800000000000002e-02 +6.6666666666666666e-02 +1.2566423156918007e-02

+1.9800000000000002e-02 +6.6666666666666666e-02 +1.2566423156595209e-02
+1.9823494467607054e-02 +3.7847495629784700e-01 +1.2545643905299017e-02
+1.9871476848351936e-02 +5.5485837703548635e-01 +1.2503736638465227e-02
+1.9928523151648066e-02 +5.5485837703548635e-01 +1.2454824589244580e-02
+1.9976505532392948e-02 +3.7847495629784700e-01 +1.2414436823519811e-02
+2.0000000000000000e-02 +6.6666666666666666e-02 +1.2394908058946819e-02


