+0.0000000000000000e+00 +1.0000000000000000e+00 +8.5542257783331732e-01
+4.0000000000000003e-05 +1.0000000000000000e+00 +8.5542257783331732e-01

+4.0000000000000003e-05 +1.0000000000000000e+00 +8.4394718922322298e-01
+8.0000000000000007e-05 +1.0000000000000000e+00 +8.4394718922322298e-01

+8.0000000000000007e-05 +1.0000000000000000e+00 +8.3201777979277003e-01
+1.2000000000000002e-04 +1.0000000000000000e+00 +8.3201777979277003e-01

+1.2000000000000002e-04 +1.0000000000000000e+00 +8.1966691013805415e-01
+1.6000000000000001e-04 +1.0000000000000000e+00 +8.1966691013805415e-01

+1.6000000000000001e-04 +1.0000000000000000e+00 +8.0676498750780778e-01
+2.0000000000000001e-04 +1.0000000000000000e+00 +8.0676498750780778e-01

+2.0000000000000001e-04 +1.0000000000000000e+00 +7.9266904822891249e-01
+2.4000000000000003e-04 +1.0000000000000000e+00 +7.9266904822891249e-01

+2.4000000000000003e-04 +1.0000000000000000e+00 +7.7782252496598547e-01
+2.8000000000000003e-04 +1.0000000000000000e+00 +7.7782252496598547e-01

+2.8000000000000003e-04 +1.0000000000000000e+00 +7.6174019245680824e-01
+3.2000000000000003e-04 +1.0000000000000000e+00 +7.6174019245680824e-01

+3.2000000000000003e-04 +1.0000000000000000e+00 +7.4441933823664341e-01
+3.6000000000000002e-04 +1.0000000000000000e+00 +7.4441933823664341e-01

+3.6000000000000002e-04 +1.0000000000000000e+00 +7.2533301898436187e-01
+4.0000000000000002e-04 +1.0000000000000000e+00 +7.2533301898436187e-01

+4.0000000000000002e-04 +1.0000000000000000e+00 +7.0449912350484256e-01
+4.4000000000000002e-04 +1.0000000000000000e+00 +7.0449912350484256e-01

+4.4000000000000002e-04 +1.0000000000000000e+00 +6.8121409441269698e-01
+4.8000000000000007e-04 +1.0000000000000000e+00 +6.8121409441269698e-01

+4.8000000000000007e-04 +1.0000000000000000e+00 +6.5482712758642958e-01
+5.2000000000000006e-04 +1.0000000000000000e+00 +6.5482712758642958e-01

+5.2000000000000006e-04 +1.0000000000000000e+00 +6.2462422059855882e-01
+5.6000000000000006e-04 +1.0000000000000000e+00 +6.2462422059855882e-01

+5.6000000000000006e-04 +1.0000000000000000e+00 +5.8931990260880385e-01
+6.0000000000000006e-04 +1.0000000000000000e+00 +5.8931990260880385e-01

+6.0000000000000006e-04 +1.0000000000000000e+00 +5.4671646576007848e-01
+6.4000000000000005e-04 +1.0000000000000000e+00 +5.4671646576007848e-01

+6.4000000000000005e-04 +1.0000000000000000e+00 +4.9281993536927871e-01
+6.8000000000000005e-04 +1.0000000000000000e+00 +4.9281993536927871e-01

+6.8000000000000005e-04 +1.0000000000000000e+00 +4.1858117682739793e-01
+7.2000000000000005e-04 +1.0000000000000000e+00 +4.1858117682739793e-01

+7.2000000000000005e-04 +1.0000000000000000e+00 +2.9065402355257813e-01
+7.6000000000000004e-04 +1.0000000000000000e+00 +2.9065402355257813e-01

+7.6000000000000004e-04 +1.0000000000000000e+00 +3.3533377855636433e-02
+8.0000000000000004e-04 +1.0000000000000000e+00 +3.3533377855636433e-02

+8.0000000000000004e-04 +1.0000000000000000e+00 +1.0658891776232861e-09
+8.4000000000000003e-04 +1.0000000000000000e+00 +1.0658891776232861e-09

+8.4000000000000003e-04 +1.0000000000000000e+00 +1.0000000000000003e-09
+8.8000000000000003e-04 +1.0000000000000000e+00 +1.0000000000000003e-09

+8.8000000000000003e-04 +1.0000000000000000e+00 +1.0000000000000003e-09
+9.2000000000000003e-04 +1.0000000000000000e+00 +1.0000000000000003e-09

+9.2000000000000003e-04 +1.0000000000000000e+00 +1.0000000000000001e-09
+9.6000000000000013e-04 +1.0000000000000000e+00 +1.0000000000000001e-09

+9.6000000000000013e-04 +1.0000000000000000e+00 +9.9999999999999986e-10
+1.0000000000000000e-03 +1.0000000000000000e+00 +9.9999999999999986e-10

+1.0000000000000000e-03 +1.0000000000000000e+00 +1.0000000000000001e-09
+1.0400000000000001e-03 +1.0000000000000000e+00 +1.0000000000000001e-09

+1.0400000000000001e-03 +1.0000000000000000e+00 +9.9999999999999986e-10
+1.0800000000000000e-03 +1.0000000000000000e+00 +9.9999999999999986e-10

+1.0800000000000000e-03 +1.0000000000000000e+00 +1.0000000000000001e-09
+1.1200000000000001e-03 +1.0000000000000000e+00 +1.0000000000000001e-09

+1.1200000000000001e-03 +1.0000000000000000e+00 +9.9999999999999986e-10
+1.1600000000000000e-03 +1.0000000000000000e+00 +9.9999999999999986e-10

+1.1600000000000000e-03 +1.0000000000000000e+00 +1.0000000000000001e-09
+1.2000000000000001e-03 +1.0000000000000000e+00 +1.0000000000000001e-09

+1.2000000000000001e-03 +1.0000000000000000e+00 +9.9999999999999986e-10
+1.2400000000000000e-03 +1.0000000000000000e+00 +9.9999999999999986e-10

+1.2400000000000000e-03 +1.0000000000000000e+00 +1.0000000000000001e-09
+1.2800000000000001e-03 +1.0000000000000000e+00 +1.0000000000000001e-09

+1.2800000000000001e-03 +1.0000000000000000e+00 +1.0000000000000001e-09
+1.3200000000000002e-03 +1.0000000000000000e+00 +1.0000000000000001e-09

+1.3200000000000002e-03 +1.0000000000000000e+00 +9.9999999999999986e-10
+1.3600000000000001e-03 +1.0000000000000000e+00 +9.9999999999999986e-10

+1.3600000000000001e-03 +1.0000000000000000e+00 +1.0000000000000001e-09
+1.4000000000000002e-03 +1.0000000000000000e+00 +1.0000000000000001e-09

+1.4000000000000002e-03 +1.0000000000000000e+00 +9.9999999999999986e-10
+1.4400000000000001e-03 +1.0000000000000000e+00 +9.9999999999999986e-10

+1.4400000000000001e-03 +1.0000000000000000e+00 +1.0000000000000001e-09
+1.4800000000000002e-03 +1.0000000000000000e+00 +1.0000000000000001e-09

+1.4800000000000002e-03 +1.0000000000000000e+00 +9.9999999999999986e-10
+1.5200000000000001e-03 +1.0000000000000000e+00 +9.9999999999999986e-10

+1.5200000000000001e-03 +1.0000000000000000e+00 +1.0000000000000001e-09
+1.5600000000000002e-03 +1.0000000000000000e+00 +1.0000000000000001e-09

+1.5600000000000002e-03 +1.0000000000000000e+00 +9.9999999999999986e-10
+1.6000000000000001e-03 +1.0000000000000000e+00 +9.9999999999999986e-10

+1.6000000000000001e-03 +1.0000000000000000e+00 +1.0000000000000001e-09
+1.6400000000000002e-03 +1.0000000000000000e+00 +1.0000000000000001e-09

+1.6400000000000002e-03 +1.0000000000000000e+00 +9.9999999999999986e-10
+1.6800000000000001e-03 +1.0000000000000000e+00 +9.9999999999999986e-10

+1.6800000000000001e-03 +1.0000000000000000e+00 +1.0000000000000001e-09
+1.7200000000000002e-03 +1.0000000000000000e+00 +1.0000000000000001e-09

+1.7200000000000002e-03 +1.0000000000000000e+00 +9.9999999999999986e-10
+1.7600000000000001e-03 +1.0000000000000000e+00 +9.9999999999999986e-10

+1.7600000000000001e-03 +1.0000000000000000e+00 +1.0000000000000001e-09
+1.8000000000000002e-03 +1.0000000000000000e+00 +1.0000000000000001e-09

+1.8000000000000002e-03 +1.0000000000000000e+00 +9.9999999999999986e-10
+1.8400000000000001e-03 +1.0000000000000000e+00 +9.9999999999999986e-10

+1.8400000000000001e-03 +1.0000000000000000e+00 +1.0000000000000001e-09
+1.8800000000000002e-03 +1.0000000000000000e+00 +1.0000000000000001e-09

+1.8800000000000002e-03 +1.0000000000000000e+00 +1.0000000000000001e-09
+1.9200000000000003e-03 +1.0000000000000000e+00 +1.0000000000000001e-09

+1.9200000000000003e-03 +1.0000000000000000e+00 +1.0000000000000001e-09
+1.9600000000000004e-03 +1.0000000000000000e+00 +1.0000000000000001e-09

+1.9600000000000004e-03 +1.0000000000000000e+00 +1.0000000000000001e-09
+2.0000000000000000e-03 +1.0000000000000000e+00 +1.0000000000000001e-09

+2.0000000000000000e-03 +1.0000000000000000e+00 +1.0000000000000001e-09
+2.0400000000000001e-03 +1.0000000000000000e+00 +1.0000000000000001e-09

+2.0400000000000001e-03 +1.0000000000000000e+00 +1.0000000000000001e-09
+2.0800000000000003e-03 +1.0000000000000000e+00 +1.0000000000000001e-09

+2.0800000000000003e-03 +1.0000000000000000e+00 +1.0000000000000001e-09
+2.1200000000000004e-03 +1.0000000000000000e+00 +1.0000000000000001e-09

+2.1200000000000004e-03 +1.0000000000000000e+00 +1.0000000000000001e-09
+2.1600000000000000e-03 +1.0000000000000000e+00 +1.0000000000000001e-09

+2.1600000000000000e-03 +1.0000000000000000e+00 +1.0000000000000001e-09
+2.2000000000000001e-03 +1.0000000000000000e+00 +1.0000000000000001e-09

+2.2000000000000001e-03 +1.0000000000000000e+00 +1.0000000000000001e-09
+2.2400000000000002e-03 +1.0000000000000000e+00 +1.0000000000000001e-09

+2.2400000000000002e-03 +1.0000000000000000e+00 +1.0000000000000001e-09
+2.2800000000000003e-03 +1.0000000000000000e+00 +1.0000000000000001e-09

+2.2800000000000003e-03 +1.0000000000000000e+00 +1.0000000000000001e-09
+2.3200000000000000e-03 +1.0000000000000000e+00 +1.0000000000000001e-09

+2.3200000000000000e-03 +1.0000000000000000e+00 +1.0000000000000001e-09
+2.3600000000000001e-03 +1.0000000000000000e+00 +1.0000000000000001e-09

+2.3600000000000001e-03 +1.0000000000000000e+00 +1.0000000000000001e-09
+2.4000000000000002e-03 +1.0000000000000000e+00 +1.0000000000000001e-09

+2.4000000000000002e-03 +1.0000000000000000e+00 +1.0000000000000001e-09
+2.4400000000000003e-03 +1.0000000000000000e+00 +1.0000000000000001e-09

+2.4400000000000003e-03 +1.0000000000000000e+00 +1.0000000000000001e-09
+2.4800000000000000e-03 +1.0000000000000000e+00 +1.0000000000000001e-09

+2.4800000000000000e-03 +1.0000000000000000e+00 +1.0000000000000001e-09
+2.5200000000000001e-03 +1.0000000000000000e+00 +1.0000000000000001e-09

+2.5200000000000001e-03 +1.0000000000000000e+00 +1.0000000000000001e-09
+2.5600000000000002e-03 +1.0000000000000000e+00 +1.0000000000000001e-09

+2.5600000000000002e-03 +1.0000000000000000e+00 +1.0000000000000001e-09
+2.6000000000000003e-03 +1.0000000000000000e+00 +1.0000000000000001e-09

+2.6000000000000003e-03 +1.0000000000000000e+00 +1.0000000000000001e-09
+2.6400000000000004e-03 +1.0000000000000000e+00 +1.0000000000000001e-09

+2.6400000000000004e-03 +1.0000000000000000e+00 +1.0000000000000001e-09
+2.6800000000000001e-03 +1.0000000000000000e+00 +1.0000000000000001e-09

+2.6800000000000001e-03 +1.0000000000000000e+00 +1.0000000000000001e-09
+2.7200000000000002e-03 +1.0000000000000000e+00 +1.0000000000000001e-09

+2.7200000000000002e-03 +1.0000000000000000e+00 +1.0000000000000001e-09
+2.7600000000000003e-03 +1.0000000000000000e+00 +1.0000000000000001e-09

+2.7600000000000003e-03 +1.0000000000000000e+00 +1.0000000000000001e-09
+2.8000000000000004e-03 +1.0000000000000000e+00 +1.0000000000000001e-09

+2.8000000000000004e-03 +1.0000000000000000e+00 +1.0000000000000001e-09
+2.8400000000000001e-03 +1.0000000000000000e+00 +1.0000000000000001e-09

+2.8400000000000001e-03 +1.0000000000000000e+00 +1.0000000000000001e-09
+2.8800000000000002e-03 +1.0000000000000000e+00 +1.0000000000000001e-09

+2.8800000000000002e-03 +1.0000000000000000e+00 +1.0000000000000001e-09
+2.9200000000000003e-03 +1.0000000000000000e+00 +1.0000000000000001e-09

+2.9200000000000003e-03 +1.0000000000000000e+00 +1.0000000000000001e-09
+2.9600000000000004e-03 +1.0000000000000000e+00 +1.0000000000000001e-09

+2.9600000000000004e-03 +1.0000000000000000e+00 +1.0000000000000001e-09
+3.0000000000000001e-03 +1.0000000000000000e+00 +1.0000000000000001e-09

+3.0000000000000001e-03 +1.0000000000000000e+00 +1.0000000000000001e-09
+3.0400000000000002e-03 +1.0000000000000000e+00 +1.0000000000000001e-09

+3.0400000000000002e-03 +1.0000000000000000e+00 +1.0000000000000001e-09
+3.0800000000000003e-03 +1.0000000000000000e+00 +1.0000000000000001e-09

+3.0800000000000003e-03 +1.0000000000000000e+00 +1.0000000000000001e-09
+3.1200000000000004e-03 +1.0000000000000000e+00 +1.0000000000000001e-09

+3.1200000000000004e-03 +1.0000000000000000e+00 +1.0000000000000001e-09
+3.1600000000000000e-03 +1.0000000000000000e+00 +1.0000000000000001e-09

+3.1600000000000000e-03 +1.0000000000000000e+00 +1.0000000000000001e-09
+3.2000000000000002e-03 +1.0000000000000000e+00 +1.0000000000000001e-09

+3.2000000000000002e-03 +1.0000000000000000e+00 +1.0000000000000001e-09
+3.2400000000000003e-03 +1.0000000000000000e+00 +1.0000000000000001e-09

+3.2400000000000003e-03 +1.0000000000000000e+00 +1.0000000000000001e-09
+3.2800000000000004e-03 +1.0000000000000000e+00 +1.0000000000000001e-09

+3.2800000000000004e-03 +1.0000000000000000e+00 +1.0000000000000001e-09
+3.3200000000000005e-03 +1.0000000000000000e+00 +1.0000000000000001e-09

+3.3200000000000005e-03 +1.0000000000000000e+00 +1.0000000000000001e-09
+3.3600000000000001e-03 +1.0000000000000000e+00 +1.0000000000000001e-09

+3.3600000000000001e-03 +1.0000000000000000e+00 +1.0000000000000001e-09
+3.4000000000000002e-03 +1.0000000000000000e+00 +1.0000000000000001e-09

+3.4000000000000002e-03 +1.0000000000000000e+00 +1.0000000000000001e-09
+3.4400000000000003e-03 +1.0000000000000000e+00 +1.0000000000000001e-09

+3.4400000000000003e-03 +1.0000000000000000e+00 +1.0000000000000001e-09
+3.4800000000000005e-03 +1.0000000000000000e+00 +1.0000000000000001e-09

+3.4800000000000005e-03 +1.0000000000000000e+00 +1.0000000000000001e-09
+3.5200000000000001e-03 +1.0000000000000000e+00 +1.0000000000000001e-09

+3.5200000000000001e-03 +1.0000000000000000e+00 +1.0000000000000001e-09
+3.5600000000000002e-03 +1.0000000000000000e+00 +1.0000000000000001e-09

+3.5600000000000002e-03 +1.0000000000000000e+00 +1.0000000000000001e-09
+3.6000000000000003e-03 +1.0000000000000000e+00 +1.0000000000000001e-09

+3.6000000000000003e-03 +1.0000000000000000e+00 +1.0000000000000001e-09
+3.6400000000000004e-03 +1.0000000000000000e+00 +1.0000000000000001e-09

+3.6400000000000004e-03 +1.0000000000000000e+00 +1.0000000000000001e-09
+3.6800000000000001e-03 +1.0000000000000000e+00 +1.0000000000000001e-09

+3.6800000000000001e-03 +1.0000000000000000e+00 +1.0000000000000001e-09
+3.7200000000000002e-03 +1.0000000000000000e+00 +1.0000000000000001e-09

+3.7200000000000002e-03 +1.0000000000000000e+00 +1.0000000000000001e-09
+3.7600000000000003e-03 +1.0000000000000000e+00 +1.0000000000000001e-09

+3.7600000000000003e-03 +1.0000000000000000e+00 +1.0000000000000001e-09
+3.8000000000000004e-03 +1.0000000000000000e+00 +1.0000000000000001e-09

+3.8000000000000004e-03 +1.0000000000000000e+00 +1.0000000000000001e-09
+3.8400000000000005e-03 +1.0000000000000000e+00 +1.0000000000000001e-09

+3.8400000000000005e-03 +1.0000000000000000e+00 +1.0000000000000001e-09
+3.8800000000000002e-03 +1.0000000000000000e+00 +1.0000000000000001e-09

+3.8800000000000002e-03 +1.0000000000000000e+00 +1.0000000000000003e-09
+3.9200000000000007e-03 +1.0000000000000000e+00 +1.0000000000000003e-09

+3.9200000000000007e-03 +1.0000000000000000e+00 +1.0000000000000003e-09
+3.9600000000000000e-03 +1.0000000000000000e+00 +1.0000000000000003e-09

+3.9600000000000000e-03 +1.0000000000000000e+00 +1.0000000000000001e-09
+4.0000000000000001e-03 +1.0000000000000000e+00 +1.0000000000000001e-09

+4.0000000000000001e-03 +1.0000000000000000e+00 +1.0000000000000001e-09
+4.0400000000000002e-03 +1.0000000000000000e+00 +1.0000000000000001e-09

+4.0400000000000002e-03 +1.0000000000000000e+00 +1.0000000000000001e-09
+4.0800000000000003e-03 +1.0000000000000000e+00 +1.0000000000000001e-09

+4.0800000000000003e-03 +1.0000000000000000e+00 +1.0000000000000001e-09
+4.1200000000000004e-03 +1.0000000000000000e+00 +1.0000000000000001e-09

+4.1200000000000004e-03 +1.0000000000000000e+00 +1.0000000000000001e-09
+4.1600000000000005e-03 +1.0000000000000000e+00 +1.0000000000000001e-09

+4.1600000000000005e-03 +1.0000000000000000e+00 +1.0000000000000001e-09
+4.2000000000000006e-03 +1.0000000000000000e+00 +1.0000000000000001e-09

+4.2000000000000006e-03 +1.0000000000000000e+00 +1.0000000000000001e-09
+4.2400000000000007e-03 +1.0000000000000000e+00 +1.0000000000000001e-09

+4.2400000000000007e-03 +1.0000000000000000e+00 +1.0000000000000003e-09
+4.2800000000000000e-03 +1.0000000000000000e+00 +1.0000000000000003e-09

+4.2800000000000000e-03 +1.0000000000000000e+00 +1.0000000000000001e-09
+4.3200000000000001e-03 +1.0000000000000000e+00 +1.0000000000000001e-09

+4.3200000000000001e-03 +1.0000000000000000e+00 +1.0000000000000001e-09
+4.3600000000000002e-03 +1.0000000000000000e+00 +1.0000000000000001e-09

+4.3600000000000002e-03 +1.0000000000000000e+00 +1.0000000000000001e-09
+4.4000000000000003e-03 +1.0000000000000000e+00 +1.0000000000000001e-09

+4.4000000000000003e-03 +1.0000000000000000e+00 +1.0000000000000001e-09
+4.4400000000000004e-03 +1.0000000000000000e+00 +1.0000000000000001e-09

+4.4400000000000004e-03 +1.0000000000000000e+00 +1.0000000000000001e-09
+4.4800000000000005e-03 +1.0000000000000000e+00 +1.0000000000000001e-09

+4.4800000000000005e-03 +1.0000000000000000e+00 +1.0000000000000001e-09
+4.5200000000000006e-03 +1.0000000000000000e+00 +1.0000000000000001e-09

+4.5200000000000006e-03 +1.0000000000000000e+00 +1.0000000000000001e-09
+4.5600000000000007e-03 +1.0000000000000000e+00 +1.0000000000000001e-09

+4.5600000000000007e-03 +1.0000000000000000e+00 +1.0000000000000001e-09
+4.6000000000000008e-03 +1.0000000000000000e+00 +1.0000000000000001e-09

+4.6000000000000008e-03 +1.0000000000000000e+00 +1.0000000000000003e-09
+4.6400000000000000e-03 +1.0000000000000000e+00 +1.0000000000000003e-09

+4.6400000000000000e-03 +1.0000000000000000e+00 +1.0000000000000001e-09
+4.6800000000000001e-03 +1.0000000000000000e+00 +1.0000000000000001e-09

+4.6800000000000001e-03 +1.0000000000000000e+00 +1.0000000000000001e-09
+4.7200000000000002e-03 +1.0000000000000000e+00 +1.0000000000000001e-09

+4.7200000000000002e-03 +1.0000000000000000e+00 +1.0000000000000001e-09
+4.7600000000000003e-03 +1.0000000000000000e+00 +1.0000000000000001e-09

+4.7600000000000003e-03 +1.0000000000000000e+00 +1.0000000000000001e-09
+4.8000000000000004e-03 +1.0000000000000000e+00 +1.0000000000000001e-09

+4.8000000000000004e-03 +1.0000000000000000e+00 +1.0000000000000001e-09
+4.8400000000000006e-03 +1.0000000000000000e+00 +1.0000000000000001e-09

+4.8400000000000006e-03 +1.0000000000000000e+00 +1.0000000000000001e-09
+4.8800000000000007e-03 +1.0000000000000000e+00 +1.0000000000000001e-09

+4.8800000000000007e-03 +1.0000000000000000e+00 +1.0000000000000001e-09
+4.9200000000000008e-03 +1.0000000000000000e+00 +1.0000000000000001e-09

+4.9200000000000008e-03 +1.0000000000000000e+00 +1.0000000000000003e-09
+4.9600000000000000e-03 +1.0000000000000000e+00 +1.0000000000000003e-09

+4.9600000000000000e-03 +1.0000000000000000e+00 +1.0000000000000001e-09
+5.0000000000000001e-03 +1.0000000000000000e+00 +1.0000000000000001e-09

+5.0000000000000001e-03 +1.0000000000000000e+00 +1.0000000000000001e-09
+5.0400000000000002e-03 +1.0000000000000000e+00 +1.0000000000000001e-09

+5.0400000000000002e-03 +1.0000000000000000e+00 +1.0000000000000001e-09
+5.0800000000000003e-03 +1.0000000000000000e+00 +1.0000000000000001e-09

+5.0800000000000003e-03 +1.0000000000000000e+00 +1.0000000000000001e-09
+5.1200000000000004e-03 +1.0000000000000000e+00 +1.0000000000000001e-09

+5.1200000000000004e-03 +1.0000000000000000e+00 +1.0000000000000001e-09
+5.1600000000000005e-03 +1.0000000000000000e+00 +1.0000000000000001e-09

+5.1600000000000005e-03 +1.0000000000000000e+00 +1.0000000000000001e-09
+5.2000000000000006e-03 +1.0000000000000000e+00 +1.0000000000000001e-09

+5.2000000000000006e-03 +1.0000000000000000e+00 +1.0000000000000001e-09
+5.2400000000000007e-03 +1.0000000000000000e+00 +1.0000000000000001e-09

+5.2400000000000007e-03 +1.0000000000000000e+00 +1.0000000000000001e-09
+5.2800000000000008e-03 +1.0000000000000000e+00 +1.0000000000000001e-09

+5.2800000000000008e-03 +1.0000000000000000e+00 +1.0000000000000003e-09
+5.3200000000000001e-03 +1.0000000000000000e+00 +1.0000000000000003e-09

+5.3200000000000001e-03 +1.0000000000000000e+00 +1.0000000000000001e-09
+5.3600000000000002e-03 +1.0000000000000000e+00 +1.0000000000000001e-09

+5.3600000000000002e-03 +1.0000000000000000e+00 +1.0000000000000001e-09
+5.4000000000000003e-03 +1.0000000000000000e+00 +1.0000000000000001e-09

+5.4000000000000003e-03 +1.0000000000000000e+00 +1.0000000000000001e-09
+5.4400000000000004e-03 +1.0000000000000000e+00 +1.0000000000000001e-09

+5.4400000000000004e-03 +1.0000000000000000e+00 +1.0000000000000001e-09
+5.4800000000000005e-03 +1.0000000000000000e+00 +1.0000000000000001e-09

+5.4800000000000005e-03 +1.0000000000000000e+00 +1.0000000000000001e-09
+5.5200000000000006e-03 +1.0000000000000000e+00 +1.0000000000000001e-09

+5.5200000000000006e-03 +1.0000000000000000e+00 +1.0000000000000001e-09
+5.5600000000000007e-03 +1.0000000000000000e+00 +1.0000000000000001e-09

+5.5600000000000007e-03 +1.0000000000000000e+00 +1.0000000000000001e-09
+5.6000000000000008e-03 +1.0000000000000000e+00 +1.0000000000000001e-09

+5.6000000000000008e-03 +1.0000000000000000e+00 +1.0000000000000003e-09
+5.6400000000000000e-03 +1.0000000000000000e+00 +1.0000000000000003e-09

+5.6400000000000000e-03 +1.0000000000000000e+00 +1.0000000000000001e-09
+5.6800000000000002e-03 +1.0000000000000000e+00 +1.0000000000000001e-09

+5.6800000000000002e-03 +1.0000000000000000e+00 +1.0000000000000001e-09
+5.7200000000000003e-03 +1.0000000000000000e+00 +1.0000000000000001e-09

+5.7200000000000003e-03 +1.0000000000000000e+00 +1.0000000000000001e-09
+5.7600000000000004e-03 +1.0000000000000000e+00 +1.0000000000000001e-09

+5.7600000000000004e-03 +1.0000000000000000e+00 +1.0000000000000001e-09
+5.8000000000000005e-03 +1.0000000000000000e+00 +1.0000000000000001e-09

+5.8000000000000005e-03 +1.0000000000000000e+00 +1.0000000000000001e-09
+5.8400000000000006e-03 +1.0000000000000000e+00 +1.0000000000000001e-09

+5.8400000000000006e-03 +1.0000000000000000e+00 +1.0000000000000001e-09
+5.8800000000000007e-03 +1.0000000000000000e+00 +1.0000000000000001e-09

+5.8800000000000007e-03 +1.0000000000000000e+00 +1.0000000000000001e-09
+5.9200000000000008e-03 +1.0000000000000000e+00 +1.0000000000000001e-09

+5.9200000000000008e-03 +1.0000000000000000e+00 +1.0000000000000001e-09
+5.9600000000000009e-03 +1.0000000000000000e+00 +1.0000000000000001e-09

+5.9600000000000009e-03 +1.0000000000000000e+00 +1.0000000000000003e-09
+6.0000000000000001e-03 +1.0000000000000000e+00 +1.0000000000000003e-09

+6.0000000000000001e-03 +1.0000000000000000e+00 +1.0000000000000001e-09
+6.0400000000000002e-03 +1.0000000000000000e+00 +1.0000000000000001e-09

+6.0400000000000002e-03 +1.0000000000000000e+00 +1.0000000000000001e-09
+6.0800000000000003e-03 +1.0000000000000000e+00 +1.0000000000000001e-09

+6.0800000000000003e-03 +1.0000000000000000e+00 +1.0000000000000001e-09
+6.1200000000000004e-03 +1.0000000000000000e+00 +1.0000000000000001e-09

+6.1200000000000004e-03 +1.0000000000000000e+00 +1.0000000000000001e-09
+6.1600000000000005e-03 +1.0000000000000000e+00 +1.0000000000000001e-09

+6.1600000000000005e-03 +1.0000000000000000e+00 +1.0000000000000001e-09
+6.2000000000000006e-03 +1.0000000000000000e+00 +1.0000000000000001e-09

+6.2000000000000006e-03 +1.0000000000000000e+00 +1.0000000000000001e-09
+6.2400000000000008e-03 +1.0000000000000000e+00 +1.0000000000000001e-09

+6.2400000000000008e-03 +1.0000000000000000e+00 +1.0000000000000001e-09
+6.2800000000000009e-03 +1.0000000000000000e+00 +1.0000000000000001e-09

+6.2800000000000009e-03 +1.0000000000000000e+00 +1.0000000000000003e-09
+6.3200000000000001e-03 +1.0000000000000000e+00 +1.0000000000000003e-09

+6.3200000000000001e-03 +1.0000000000000000e+00 +1.0000000000000001e-09
+6.3600000000000002e-03 +1.0000000000000000e+00 +1.0000000000000001e-09

+6.3600000000000002e-03 +1.0000000000000000e+00 +1.0000000000000001e-09
+6.4000000000000003e-03 +1.0000000000000000e+00 +1.0000000000000001e-09

+6.4000000000000003e-03 +1.0000000000000000e+00 +1.0000000000000001e-09
+6.4400000000000004e-03 +1.0000000000000000e+00 +1.0000000000000001e-09

+6.4400000000000004e-03 +1.0000000000000000e+00 +1.0000000000000001e-09
+6.4800000000000005e-03 +1.0000000000000000e+00 +1.0000000000000001e-09

+6.4800000000000005e-03 +1.0000000000000000e+00 +1.0000000000000001e-09
+6.5200000000000006e-03 +1.0000000000000000e+00 +1.0000000000000001e-09

+6.5200000000000006e-03 +1.0000000000000000e+00 +1.0000000000000001e-09
+6.5600000000000007e-03 +1.0000000000000000e+00 +1.0000000000000001e-09

+6.5600000000000007e-03 +1.0000000000000000e+00 +1.0000000000000001e-09
+6.6000000000000008e-03 +1.0000000000000000e+00 +1.0000000000000001e-09

+6.6000000000000008e-03 +1.0000000000000000e+00 +1.0000000000000001e-09
+6.6400000000000009e-03 +1.0000000000000000e+00 +1.0000000000000001e-09

+6.6400000000000009e-03 +1.0000000000000000e+00 +1.0000000000000003e-09
+6.6800000000000002e-03 +1.0000000000000000e+00 +1.0000000000000003e-09

+6.6800000000000002e-03 +1.0000000000000000e+00 +1.0000000000000001e-09
+6.7200000000000003e-03 +1.0000000000000000e+00 +1.0000000000000001e-09

+6.7200000000000003e-03 +1.0000000000000000e+00 +1.0000000000000001e-09
+6.7600000000000004e-03 +1.0000000000000000e+00 +1.0000000000000001e-09

+6.7600000000000004e-03 +1.0000000000000000e+00 +1.0000000000000001e-09
+6.8000000000000005e-03 +1.0000000000000000e+00 +1.0000000000000001e-09

+6.8000000000000005e-03 +1.0000000000000000e+00 +1.0000000000000001e-09
+6.8400000000000006e-03 +1.0000000000000000e+00 +1.0000000000000001e-09

+6.8400000000000006e-03 +1.0000000000000000e+00 +1.0000000000000001e-09
+6.8800000000000007e-03 +1.0000000000000000e+00 +1.0000000000000001e-09

+6.8800000000000007e-03 +1.0000000000000000e+00 +1.0000000000000001e-09
+6.9200000000000008e-03 +1.0000000000000000e+00 +1.0000000000000001e-09

+6.9200000000000008e-03 +1.0000000000000000e+00 +1.0000000000000001e-09
+6.9600000000000009e-03 +1.0000000000000000e+00 +1.0000000000000001e-09

+6.9600000000000009e-03 +1.0000000000000000e+00 +1.0000000000000003e-09
+7.0000000000000001e-03 +1.0000000000000000e+00 +1.0000000000000003e-09

+7.0000000000000001e-03 +1.0000000000000000e+00 +1.0000000000000001e-09
+7.0400000000000003e-03 +1.0000000000000000e+00 +1.0000000000000001e-09

+7.0400000000000003e-03 +1.0000000000000000e+00 +1.0000000000000001e-09
+7.0800000000000004e-03 +1.0000000000000000e+00 +1.0000000000000001e-09

+7.0800000000000004e-03 +1.0000000000000000e+00 +1.0000000000000001e-09
+7.1200000000000005e-03 +1.0000000000000000e+00 +1.0000000000000001e-09

+7.1200000000000005e-03 +1.0000000000000000e+00 +1.0000000000000001e-09
+7.1600000000000006e-03 +1.0000000000000000e+00 +1.0000000000000001e-09

+7.1600000000000006e-03 +1.0000000000000000e+00 +1.0000000000000001e-09
+7.2000000000000007e-03 +1.0000000000000000e+00 +1.0000000000000001e-09

+7.2000000000000007e-03 +1.0000000000000000e+00 +1.0000000000000001e-09
+7.2400000000000008e-03 +1.0000000000000000e+00 +1.0000000000000001e-09

+7.2400000000000008e-03 +1.0000000000000000e+00 +1.0000000000000001e-09
+7.2800000000000009e-03 +1.0000000000000000e+00 +1.0000000000000001e-09

+7.2800000000000009e-03 +1.0000000000000000e+00 +1.0000000000000001e-09
+7.3200000000000010e-03 +1.0000000000000000e+00 +1.0000000000000001e-09

+7.3200000000000010e-03 +1.0000000000000000e+00 +1.0000000000000003e-09
+7.3600000000000002e-03 +1.0000000000000000e+00 +1.0000000000000003e-09

+7.3600000000000002e-03 +1.0000000000000000e+00 +1.0000000000000001e-09
+7.4000000000000003e-03 +1.0000000000000000e+00 +1.0000000000000001e-09

+7.4000000000000003e-03 +1.0000000000000000e+00 +1.0000000000000001e-09
+7.4400000000000004e-03 +1.0000000000000000e+00 +1.0000000000000001e-09

+7.4400000000000004e-03 +1.0000000000000000e+00 +1.0000000000000001e-09
+7.4800000000000005e-03 +1.0000000000000000e+00 +1.0000000000000001e-09

+7.4800000000000005e-03 +1.0000000000000000e+00 +1.0000000000000001e-09
+7.5200000000000006e-03 +1.0000000000000000e+00 +1.0000000000000001e-09

+7.5200000000000006e-03 +1.0000000000000000e+00 +1.0000000000000001e-09
+7.5600000000000007e-03 +1.0000000000000000e+00 +1.0000000000000001e-09

+7.5600000000000007e-03 +1.0000000000000000e+00 +1.0000000000000001e-09
+7.6000000000000009e-03 +1.0000000000000000e+00 +1.0000000000000001e-09

+7.6000000000000009e-03 +1.0000000000000000e+00 +1.0000000000000001e-09
+7.6400000000000010e-03 +1.0000000000000000e+00 +1.0000000000000001e-09

+7.6400000000000010e-03 +1.0000000000000000e+00 +1.0000000000000001e-09
+7.6800000000000011e-03 +1.0000000000000000e+00 +1.0000000000000001e-09

+7.6800000000000011e-03 +1.0000000000000000e+00 +1.0000000000000003e-09
+7.7200000000000003e-03 +1.0000000000000000e+00 +1.0000000000000003e-09

+7.7200000000000003e-03 +1.0000000000000000e+00 +1.0000000000000001e-09
+7.7600000000000004e-03 +1.0000000000000000e+00 +1.0000000000000001e-09

+7.7600000000000004e-03 +1.0000000000000000e+00 +1.0000000000000001e-09
+7.8000000000000005e-03 +1.0000000000000000e+00 +1.0000000000000001e-09

+7.8000000000000005e-03 +1.0000000000000000e+00 +9.9999999999999986e-10
+7.8400000000000015e-03 +1.0000000000000000e+00 +9.9999999999999986e-10

+7.8400000000000015e-03 +1.0000000000000000e+00 +1.0000000000000001e-09
+7.8799999999999999e-03 +1.0000000000000000e+00 +1.0000000000000001e-09

+7.8799999999999999e-03 +1.0000000000000000e+00 +1.0000000000000001e-09
+7.9200000000000000e-03 +1.0000000000000000e+00 +1.0000000000000001e-09

+7.9200000000000000e-03 +1.0000000000000000e+00 +1.0000000000000001e-09
+7.9600000000000001e-03 +1.0000000000000000e+00 +1.0000000000000001e-09

+7.9600000000000001e-03 +1.0000000000000000e+00 +1.0000000000000001e-09
+8.0000000000000002e-03 +1.0000000000000000e+00 +1.0000000000000001e-09

+8.0000000000000002e-03 +1.0000000000000000e+00 +1.0000000000000001e-09
+8.0400000000000003e-03 +1.0000000000000000e+00 +1.0000000000000001e-09

+8.0400000000000003e-03 +1.0000000000000000e+00 +1.0000000000000001e-09
+8.0800000000000004e-03 +1.0000000000000000e+00 +1.0000000000000001e-09

+8.0800000000000004e-03 +1.0000000000000000e+00 +1.0000000000000001e-09
+8.1200000000000005e-03 +1.0000000000000000e+00 +1.0000000000000001e-09

+8.1200000000000005e-03 +1.0000000000000000e+00 +1.0000000000000001e-09
+8.1600000000000006e-03 +1.0000000000000000e+00 +1.0000000000000001e-09

+8.1600000000000006e-03 +1.0000000000000000e+00 +1.0000000000000001e-09
+8.2000000000000007e-03 +1.0000000000000000e+00 +1.0000000000000001e-09

+8.2000000000000007e-03 +1.0000000000000000e+00 +1.0000000000000001e-09
+8.2400000000000008e-03 +1.0000000000000000e+00 +1.0000000000000001e-09

+8.2400000000000008e-03 +1.0000000000000000e+00 +1.0000000000000001e-09
+8.2800000000000009e-03 +1.0000000000000000e+00 +1.0000000000000001e-09

+8.2800000000000009e-03 +1.0000000000000000e+00 +1.0000000000000001e-09
+8.3200000000000010e-03 +1.0000000000000000e+00 +1.0000000000000001e-09

+8.3200000000000010e-03 +1.0000000000000000e+00 +1.0000000000000001e-09
+8.3600000000000011e-03 +1.0000000000000000e+00 +1.0000000000000001e-09

+8.3600000000000011e-03 +1.0000000000000000e+00 +1.0000000000000001e-09
+8.4000000000000012e-03 +1.0000000000000000e+00 +1.0000000000000001e-09

+8.4000000000000012e-03 +1.0000000000000000e+00 +1.0000000000000001e-09
+8.4400000000000013e-03 +1.0000000000000000e+00 +1.0000000000000001e-09

+8.4400000000000013e-03 +1.0000000000000000e+00 +1.0000000000000001e-09
+8.4800000000000014e-03 +1.0000000000000000e+00 +1.0000000000000001e-09

+8.4800000000000014e-03 +1.0000000000000000e+00 +1.0000000000000001e-09
+8.5200000000000015e-03 +1.0000000000000000e+00 +1.0000000000000001e-09

+8.5200000000000015e-03 +1.0000000000000000e+00 +1.0000000000000001e-09
+8.5599999999999999e-03 +1.0000000000000000e+00 +1.0000000000000001e-09

+8.5599999999999999e-03 +1.0000000000000000e+00 +1.0000000000000001e-09
+8.6000000000000000e-03 +1.0000000000000000e+00 +1.0000000000000001e-09

+8.6000000000000000e-03 +1.0000000000000000e+00 +1.0000000000000001e-09
+8.6400000000000001e-03 +1.0000000000000000e+00 +1.0000000000000001e-09

+8.6400000000000001e-03 +1.0000000000000000e+00 +1.0000000000000001e-09
+8.6800000000000002e-03 +1.0000000000000000e+00 +1.0000000000000001e-09

+8.6800000000000002e-03 +1.0000000000000000e+00 +1.0000000000000001e-09
+8.7200000000000003e-03 +1.0000000000000000e+00 +1.0000000000000001e-09

+8.7200000000000003e-03 +1.0000000000000000e+00 +1.0000000000000001e-09
+8.7600000000000004e-03 +1.0000000000000000e+00 +1.0000000000000001e-09

+8.7600000000000004e-03 +1.0000000000000000e+00 +1.0000000000000001e-09
+8.8000000000000005e-03 +1.0000000000000000e+00 +1.0000000000000001e-09

+8.8000000000000005e-03 +1.0000000000000000e+00 +1.0000000000000001e-09
+8.8400000000000006e-03 +1.0000000000000000e+00 +1.0000000000000001e-09

+8.8400000000000006e-03 +1.0000000000000000e+00 +1.0000000000000001e-09
+8.8800000000000007e-03 +1.0000000000000000e+00 +1.0000000000000001e-09

+8.8800000000000007e-03 +1.0000000000000000e+00 +1.0000000000000001e-09
+8.9200000000000008e-03 +1.0000000000000000e+00 +1.0000000000000001e-09

+8.9200000000000008e-03 +1.0000000000000000e+00 +1.0000000000000001e-09
+8.9600000000000009e-03 +1.0000000000000000e+00 +1.0000000000000001e-09

+8.9600000000000009e-03 +1.0000000000000000e+00 +1.0000000000000001e-09
+9.0000000000000011e-03 +1.0000000000000000e+00 +1.0000000000000001e-09

+9.0000000000000011e-03 +1.0000000000000000e+00 +1.0000000000000001e-09
+9.0400000000000012e-03 +1.0000000000000000e+00 +1.0000000000000001e-09

+9.0400000000000012e-03 +1.0000000000000000e+00 +1.0000000000000001e-09
+9.0800000000000013e-03 +1.0000000000000000e+00 +1.0000000000000001e-09

+9.0800000000000013e-03 +1.0000000000000000e+00 +1.0000000000000001e-09
+9.1200000000000014e-03 +1.0000000000000000e+00 +1.0000000000000001e-09

+9.1200000000000014e-03 +1.0000000000000000e+00 +1.0000000000000001e-09
+9.1600000000000015e-03 +1.0000000000000000e+00 +1.0000000000000001e-09

+9.1600000000000015e-03 +1.0000000000000000e+00 +1.0000000000000001e-09
+9.2000000000000016e-03 +1.0000000000000000e+00 +1.0000000000000001e-09

+9.2000000000000016e-03 +1.0000000000000000e+00 +1.0000000000000001e-09
+9.2399999999999999e-03 +1.0000000000000000e+00 +1.0000000000000001e-09

+9.2399999999999999e-03 +1.0000000000000000e+00 +1.0000000000000001e-09
+9.2800000000000001e-03 +1.0000000000000000e+00 +1.0000000000000001e-09

+9.2800000000000001e-03 +1.0000000000000000e+00 +1.0000000000000001e-09
+9.3200000000000002e-03 +1.0000000000000000e+00 +1.0000000000000001e-09

+9.3200000000000002e-03 +1.0000000000000000e+00 +1.0000000000000001e-09
+9.3600000000000003e-03 +1.0000000000000000e+00 +1.0000000000000001e-09

+9.3600000000000003e-03 +1.0000000000000000e+00 +1.0000000000000001e-09
+9.4000000000000004e-03 +1.0000000000000000e+00 +1.0000000000000001e-09

+9.4000000000000004e-03 +1.0000000000000000e+00 +1.0000000000000001e-09
+9.4400000000000005e-03 +1.0000000000000000e+00 +1.0000000000000001e-09

+9.4400000000000005e-03 +1.0000000000000000e+00 +1.0000000000000001e-09
+9.4800000000000006e-03 +1.0000000000000000e+00 +1.0000000000000001e-09

+9.4800000000000006e-03 +1.0000000000000000e+00 +1.0000000000000001e-09
+9.5200000000000007e-03 +1.0000000000000000e+00 +1.0000000000000001e-09

+9.5200000000000007e-03 +1.0000000000000000e+00 +1.0000000000000001e-09
+9.5600000000000008e-03 +1.0000000000000000e+00 +1.0000000000000001e-09

+9.5600000000000008e-03 +1.0000000000000000e+00 +1.0000000000000001e-09
+9.6000000000000009e-03 +1.0000000000000000e+00 +1.0000000000000001e-09

+9.6000000000000009e-03 +1.0000000000000000e+00 +1.0000000000000001e-09
+9.6400000000000010e-03 +1.0000000000000000e+00 +1.0000000000000001e-09

+9.6400000000000010e-03 +1.0000000000000000e+00 +1.0000000000000001e-09
+9.6800000000000011e-03 +1.0000000000000000e+00 +1.0000000000000001e-09

+9.6800000000000011e-03 +1.0000000000000000e+00 +1.0000000000000001e-09
+9.7200000000000012e-03 +1.0000000000000000e+00 +1.0000000000000001e-09

+9.7200000000000012e-03 +1.0000000000000000e+00 +1.0000000000000001e-09
+9.7600000000000013e-03 +1.0000000000000000e+00 +1.0000000000000001e-09

+9.7600000000000013e-03 +1.0000000000000000e+00 +1.0000000000000001e-09
+9.8000000000000014e-03 +1.0000000000000000e+00 +1.0000000000000001e-09

+9.8000000000000014e-03 +1.0000000000000000e+00 +1.0000000000000001e-09
+9.8400000000000015e-03 +1.0000000000000000e+00 +1.0000000000000001e-09

+9.8400000000000015e-03 +1.0000000000000000e+00 +1.0000000000000001e-09
+9.8800000000000016e-03 +1.0000000000000000e+00 +1.0000000000000001e-09

+9.8800000000000016e-03 +1.0000000000000000e+00 +1.0000000000000001e-09
+9.9200000000000000e-03 +1.0000000000000000e+00 +1.0000000000000001e-09

+9.9200000000000000e-03 +1.0000000000000000e+00 +1.0000000000000001e-09
+9.9600000000000001e-03 +1.0000000000000000e+00 +1.0000000000000001e-09

+9.9600000000000001e-03 +1.0000000000000000e+00 +1.0000000000000001e-09
+1.0000000000000000e-02 +1.0000000000000000e+00 +1.0000000000000001e-09

+1.0000000000000000e-02 +1.0000000000000000e+00 +1.0000000000000001e-09
+1.0040000000000000e-02 +1.0000000000000000e+00 +1.0000000000000001e-09

+1.0040000000000000e-02 +1.0000000000000000e+00 +1.0000000000000001e-09
+1.0080000000000000e-02 +1.0000000000000000e+00 +1.0000000000000001e-09

+1.0080000000000000e-02 +1.0000000000000000e+00 +1.0000000000000001e-09
+1.0120000000000001e-02 +1.0000000000000000e+00 +1.0000000000000001e-09

+1.0120000000000001e-02 +1.0000000000000000e+00 +1.0000000000000001e-09
+1.0160000000000001e-02 +1.0000000000000000e+00 +1.0000000000000001e-09

+1.0160000000000001e-02 +1.0000000000000000e+00 +1.0000000000000001e-09
+1.0200000000000001e-02 +1.0000000000000000e+00 +1.0000000000000001e-09

+1.0200000000000001e-02 +1.0000000000000000e+00 +1.0000000000000001e-09
+1.0240000000000001e-02 +1.0000000000000000e+00 +1.0000000000000001e-09

+1.0240000000000001e-02 +1.0000000000000000e+00 +1.0000000000000001e-09
+1.0280000000000001e-02 +1.0000000000000000e+00 +1.0000000000000001e-09

+1.0280000000000001e-02 +1.0000000000000000e+00 +1.0000000000000001e-09
+1.0320000000000001e-02 +1.0000000000000000e+00 +1.0000000000000001e-09

+1.0320000000000001e-02 +1.0000000000000000e+00 +1.0000000000000001e-09
+1.0360000000000001e-02 +1.0000000000000000e+00 +1.0000000000000001e-09

+1.0360000000000001e-02 +1.0000000000000000e+00 +1.0000000000000001e-09
+1.0400000000000001e-02 +1.0000000000000000e+00 +1.0000000000000001e-09

+1.0400000000000001e-02 +1.0000000000000000e+00 +1.0000000000000001e-09
+1.0440000000000001e-02 +1.0000000000000000e+00 +1.0000000000000001e-09

+1.0440000000000001e-02 +1.0000000000000000e+00 +1.0000000000000001e-09
+1.0480000000000001e-02 +1.0000000000000000e+00 +1.0000000000000001e-09

+1.0480000000000001e-02 +1.0000000000000000e+00 +1.0000000000000001e-09
+1.0520000000000002e-02 +1.0000000000000000e+00 +1.0000000000000001e-09

+1.0520000000000002e-02 +1.0000000000000000e+00 +1.0000000000000001e-09
+1.0560000000000002e-02 +1.0000000000000000e+00 +1.0000000000000001e-09

+1.0560000000000002e-02 +1.0000000000000000e+00 +1.0000000000000001e-09
+1.0600000000000000e-02 +1.0000000000000000e+00 +1.0000000000000001e-09

+1.0600000000000000e-02 +1.0000000000000000e+00 +1.0000000000000001e-09
+1.0640000000000000e-02 +1.0000000000000000e+00 +1.0000000000000001e-09

+1.0640000000000000e-02 +1.0000000000000000e+00 +1.0000000000000001e-09
+1.0680000000000000e-02 +1.0000000000000000e+00 +1.0000000000000001e-09

+1.0680000000000000e-02 +1.0000000000000000e+00 +1.0000000000000001e-09
+1.0720000000000000e-02 +1.0000000000000000e+00 +1.0000000000000001e-09

+1.0720000000000000e-02 +1.0000000000000000e+00 +1.0000000000000001e-09
+1.0760000000000000e-02 +1.0000000000000000e+00 +1.0000000000000001e-09

+1.0760000000000000e-02 +1.0000000000000000e+00 +1.0000000000000001e-09
+1.0800000000000001e-02 +1.0000000000000000e+00 +1.0000000000000001e-09

+1.0800000000000001e-02 +1.0000000000000000e+00 +1.0000000000000001e-09
+1.0840000000000001e-02 +1.0000000000000000e+00 +1.0000000000000001e-09

+1.0840000000000001e-02 +1.0000000000000000e+00 +1.0000000000000001e-09
+1.0880000000000001e-02 +1.0000000000000000e+00 +1.0000000000000001e-09

+1.0880000000000001e-02 +1.0000000000000000e+00 +1.0000000000000001e-09
+1.0920000000000001e-02 +1.0000000000000000e+00 +1.0000000000000001e-09

+1.0920000000000001e-02 +1.0000000000000000e+00 +1.0000000000000001e-09
+1.0960000000000001e-02 +1.0000000000000000e+00 +1.0000000000000001e-09

+1.0960000000000001e-02 +1.0000000000000000e+00 +1.0000000000000001e-09
+1.1000000000000001e-02 +1.0000000000000000e+00 +1.0000000000000001e-09

+1.1000000000000001e-02 +1.0000000000000000e+00 +1.0000000000000001e-09
+1.1040000000000001e-02 +1.0000000000000000e+00 +1.0000000000000001e-09

+1.1040000000000001e-02 +1.0000000000000000e+00 +1.0000000000000001e-09
+1.1080000000000001e-02 +1.0000000000000000e+00 +1.0000000000000001e-09

+1.1080000000000001e-02 +1.0000000000000000e+00 +1.0000000000000001e-09
+1.1120000000000001e-02 +1.0000000000000000e+00 +1.0000000000000001e-09

+1.1120000000000001e-02 +1.0000000000000000e+00 +1.0000000000000001e-09
+1.1160000000000002e-02 +1.0000000000000000e+00 +1.0000000000000001e-09

+1.1160000000000002e-02 +1.0000000000000000e+00 +1.0000000000000001e-09
+1.1200000000000002e-02 +1.0000000000000000e+00 +1.0000000000000001e-09

+1.1200000000000002e-02 +1.0000000000000000e+00 +1.0000000000000001e-09
+1.1240000000000002e-02 +1.0000000000000000e+00 +1.0000000000000001e-09

+1.1240000000000002e-02 +1.0000000000000000e+00 +1.0000000000000001e-09
+1.1280000000000000e-02 +1.0000000000000000e+00 +1.0000000000000001e-09

+1.1280000000000000e-02 +1.0000000000000000e+00 +1.0000000000000001e-09
+1.1320000000000000e-02 +1.0000000000000000e+00 +1.0000000000000001e-09

+1.1320000000000000e-02 +1.0000000000000000e+00 +1.0000000000000001e-09
+1.1360000000000000e-02 +1.0000000000000000e+00 +1.0000000000000001e-09

+1.1360000000000000e-02 +1.0000000000000000e+00 +1.0000000000000001e-09
+1.1400000000000000e-02 +1.0000000000000000e+00 +1.0000000000000001e-09

+1.1400000000000000e-02 +1.0000000000000000e+00 +1.0000000000000001e-09
+1.1440000000000001e-02 +1.0000000000000000e+00 +1.0000000000000001e-09

+1.1440000000000001e-02 +1.0000000000000000e+00 +1.0000000000000001e-09
+1.1480000000000001e-02 +1.0000000000000000e+00 +1.0000000000000001e-09

+1.1480000000000001e-02 +1.0000000000000000e+00 +1.0000000000000001e-09
+1.1520000000000001e-02 +1.0000000000000000e+00 +1.0000000000000001e-09

+1.1520000000000001e-02 +1.0000000000000000e+00 +1.0000000000000001e-09
+1.1560000000000001e-02 +1.0000000000000000e+00 +1.0000000000000001e-09

+1.1560000000000001e-02 +1.0000000000000000e+00 +1.0000000000000001e-09
+1.1600000000000001e-02 +1.0000000000000000e+00 +1.0000000000000001e-09

+1.1600000000000001e-02 +1.0000000000000000e+00 +1.0000000000000001e-09
+1.1640000000000001e-02 +1.0000000000000000e+00 +1.0000000000000001e-09

+1.1640000000000001e-02 +1.0000000000000000e+00 +1.0000000000000001e-09
+1.1680000000000001e-02 +1.0000000000000000e+00 +1.0000000000000001e-09

+1.1680000000000001e-02 +1.0000000000000000e+00 +1.0000000000000001e-09
+1.1720000000000001e-02 +1.0000000000000000e+00 +1.0000000000000001e-09

+1.1720000000000001e-02 +1.0000000000000000e+00 +1.0000000000000001e-09
+1.1760000000000001e-02 +1.0000000000000000e+00 +1.0000000000000001e-09

+1.1760000000000001e-02 +1.0000000000000000e+00 +1.0000000000000001e-09
+1.1800000000000001e-02 +1.0000000000000000e+00 +1.0000000000000001e-09

+1.1800000000000001e-02 +1.0000000000000000e+00 +1.0000000000000001e-09
+1.1840000000000002e-02 +1.0000000000000000e+00 +1.0000000000000001e-09

+1.1840000000000002e-02 +1.0000000000000000e+00 +1.0000000000000001e-09
+1.1880000000000002e-02 +1.0000000000000000e+00 +1.0000000000000001e-09

+1.1880000000000002e-02 +1.0000000000000000e+00 +1.0000000000000001e-09
+1.1920000000000002e-02 +1.0000000000000000e+00 +1.0000000000000001e-09

+1.1920000000000002e-02 +1.0000000000000000e+00 +1.0000000000000001e-09
+1.1960000000000000e-02 +1.0000000000000000e+00 +1.0000000000000001e-09

+1.1960000000000000e-02 +1.0000000000000000e+00 +1.0000000000000001e-09
+1.2000000000000000e-02 +1.0000000000000000e+00 +1.0000000000000001e-09

+1.2000000000000000e-02 +1.0000000000000000e+00 +1.0000000000000001e-09
+1.2040000000000000e-02 +1.0000000000000000e+00 +1.0000000000000001e-09

+1.2040000000000000e-02 +1.0000000000000000e+00 +1.0000000000000001e-09
+1.2080000000000000e-02 +1.0000000000000000e+00 +1.0000000000000001e-09

+1.2080000000000000e-02 +1.0000000000000000e+00 +1.0000000000000001e-09
+1.2120000000000001e-02 +1.0000000000000000e+00 +1.0000000000000001e-09

+1.2120000000000001e-02 +1.0000000000000000e+00 +1.0000000000000001e-09
+1.2160000000000001e-02 +1.0000000000000000e+00 +1.0000000000000001e-09

+1.2160000000000001e-02 +1.0000000000000000e+00 +1.0000000000000001e-09
+1.2200000000000001e-02 +1.0000000000000000e+00 +1.0000000000000001e-09

+1.2200000000000001e-02 +1.0000000000000000e+00 +1.0000000000000001e-09
+1.2240000000000001e-02 +1.0000000000000000e+00 +1.0000000000000001e-09

+1.2240000000000001e-02 +1.0000000000000000e+00 +1.0000000000000001e-09
+1.2280000000000001e-02 +1.0000000000000000e+00 +1.0000000000000001e-09

+1.2280000000000001e-02 +1.0000000000000000e+00 +1.0000000000000001e-09
+1.2320000000000001e-02 +1.0000000000000000e+00 +1.0000000000000001e-09

+1.2320000000000001e-02 +1.0000000000000000e+00 +1.0000000000000001e-09
+1.2360000000000001e-02 +1.0000000000000000e+00 +1.0000000000000001e-09

+1.2360000000000001e-02 +1.0000000000000000e+00 +1.0000000000000001e-09
+1.2400000000000001e-02 +1.0000000000000000e+00 +1.0000000000000001e-09

+1.2400000000000001e-02 +1.0000000000000000e+00 +1.0000000000000001e-09
+1.2440000000000001e-02 +1.0000000000000000e+00 +1.0000000000000001e-09

+1.2440000000000001e-02 +1.0000000000000000e+00 +1.0000000000000001e-09
+1.2480000000000002e-02 +1.0000000000000000e+00 +1.0000000000000001e-09

+1.2480000000000002e-02 +1.0000000000000000e+00 +1.0000000000000001e-09
+1.2520000000000002e-02 +1.0000000000000000e+00 +1.0000000000000001e-09

+1.2520000000000002e-02 +1.0000000000000000e+00 +1.0000000000000001e-09
+1.2560000000000002e-02 +1.0000000000000000e+00 +1.0000000000000001e-09

+1.2560000000000002e-02 +1.0000000000000000e+00 +1.0000000000000001e-09
+1.2600000000000002e-02 +1.0000000000000000e+00 +1.0000000000000001e-09

+1.2600000000000002e-02 +1.0000000000000000e+00 +1.0000000000000001e-09
+1.2640000000000000e-02 +1.0000000000000000e+00 +1.0000000000000001e-09

+1.2640000000000000e-02 +1.0000000000000000e+00 +1.0000000000000001e-09
+1.2680000000000000e-02 +1.0000000000000000e+00 +1.0000000000000001e-09

+1.2680000000000000e-02 +1.0000000000000000e+00 +1.0000000000000001e-09
+1.2720000000000000e-02 +1.0000000000000000e+00 +1.0000000000000001e-09

+1.2720000000000000e-02 +1.0000000000000000e+00 +1.0000000000000001e-09
+1.2760000000000001e-02 +1.0000000000000000e+00 +1.0000000000000001e-09

+1.2760000000000001e-02 +1.0000000000000000e+00 +1.0000000000000001e-09
+1.2800000000000001e-02 +1.0000000000000000e+00 +1.0000000000000001e-09

+1.2800000000000001e-02 +1.0000000000000000e+00 +1.0000000000000001e-09
+1.2840000000000001e-02 +1.0000000000000000e+00 +1.0000000000000001e-09

+1.2840000000000001e-02 +1.0000000000000000e+00 +1.0000000000000001e-09
+1.2880000000000001e-02 +1.0000000000000000e+00 +1.0000000000000001e-09

+1.2880000000000001e-02 +1.0000000000000000e+00 +1.0000000000000001e-09
+1.2920000000000001e-02 +1.0000000000000000e+00 +1.0000000000000001e-09

+1.2920000000000001e-02 +1.0000000000000000e+00 +1.0000000000000001e-09
+1.2960000000000001e-02 +1.0000000000000000e+00 +1.0000000000000001e-09

+1.2960000000000001e-02 +1.0000000000000000e+00 +1.0000000000000001e-09
+1.3000000000000001e-02 +1.0000000000000000e+00 +1.0000000000000001e-09

+1.3000000000000001e-02 +1.0000000000000000e+00 +1.0000000000000001e-09
+1.3040000000000001e-02 +1.0000000000000000e+00 +1.0000000000000001e-09

+1.3040000000000001e-02 +1.0000000000000000e+00 +1.0000000000000001e-09
+1.3080000000000001e-02 +1.0000000000000000e+00 +1.0000000000000001e-09

+1.3080000000000001e-02 +1.0000000000000000e+00 +1.0000000000000001e-09
+1.3120000000000001e-02 +1.0000000000000000e+00 +1.0000000000000001e-09

+1.3120000000000001e-02 +1.0000000000000000e+00 +1.0000000000000001e-09
+1.3160000000000002e-02 +1.0000000000000000e+00 +1.0000000000000001e-09

+1.3160000000000002e-02 +1.0000000000000000e+00 +1.0000000000000001e-09
+1.3200000000000002e-02 +1.0000000000000000e+00 +1.0000000000000001e-09

+1.3200000000000002e-02 +1.0000000000000000e+00 +1.0000000000000001e-09
+1.3240000000000002e-02 +1.0000000000000000e+00 +1.0000000000000001e-09

+1.3240000000000002e-02 +1.0000000000000000e+00 +1.0000000000000001e-09
+1.3280000000000002e-02 +1.0000000000000000e+00 +1.0000000000000001e-09

+1.3280000000000002e-02 +1.0000000000000000e+00 +1.0000000000000001e-09
+1.3320000000000000e-02 +1.0000000000000000e+00 +1.0000000000000001e-09

+1.3320000000000000e-02 +1.0000000000000000e+00 +1.0000000000000001e-09
+1.3360000000000000e-02 +1.0000000000000000e+00 +1.0000000000000001e-09

+1.3360000000000000e-02 +1.0000000000000000e+00 +1.0000000000000001e-09
+1.3400000000000000e-02 +1.0000000000000000e+00 +1.0000000000000001e-09

+1.3400000000000000e-02 +1.0000000000000000e+00 +1.0000000000000001e-09
+1.3440000000000001e-02 +1.0000000000000000e+00 +1.0000000000000001e-09

+1.3440000000000001e-02 +1.0000000000000000e+00 +1.0000000000000001e-09
+1.3480000000000001e-02 +1.0000000000000000e+00 +1.0000000000000001e-09

+1.3480000000000001e-02 +1.0000000000000000e+00 +1.0000000000000001e-09
+1.3520000000000001e-02 +1.0000000000000000e+00 +1.0000000000000001e-09

+1.3520000000000001e-02 +1.0000000000000000e+00 +1.0000000000000001e-09
+1.3560000000000001e-02 +1.0000000000000000e+00 +1.0000000000000001e-09

+1.3560000000000001e-02 +1.0000000000000000e+00 +1.0000000000000001e-09
+1.3600000000000001e-02 +1.0000000000000000e+00 +1.0000000000000001e-09

+1.3600000000000001e-02 +1.0000000000000000e+00 +1.0000000000000001e-09
+1.3640000000000001e-02 +1.0000000000000000e+00 +1.0000000000000001e-09

+1.3640000000000001e-02 +1.0000000000000000e+00 +1.0000000000000001e-09
+1.3680000000000001e-02 +1.0000000000000000e+00 +1.0000000000000001e-09

+1.3680000000000001e-02 +1.0000000000000000e+00 +1.0000000000000001e-09
+1.3720000000000001e-02 +1.0000000000000000e+00 +1.0000000000000001e-09

+1.3720000000000001e-02 +1.0000000000000000e+00 +1.0000000000000001e-09
+1.3760000000000001e-02 +1.0000000000000000e+00 +1.0000000000000001e-09

+1.3760000000000001e-02 +1.0000000000000000e+00 +1.0000000000000001e-09
+1.3800000000000002e-02 +1.0000000000000000e+00 +1.0000000000000001e-09

+1.3800000000000002e-02 +1.0000000000000000e+00 +1.0000000000000001e-09
+1.3840000000000002e-02 +1.0000000000000000e+00 +1.0000000000000001e-09

+1.3840000000000002e-02 +1.0000000000000000e+00 +1.0000000000000001e-09
+1.3880000000000002e-02 +1.0000000000000000e+00 +1.0000000000000001e-09

+1.3880000000000002e-02 +1.0000000000000000e+00 +1.0000000000000001e-09
+1.3920000000000002e-02 +1.0000000000000000e+00 +1.0000000000000001e-09

+1.3920000000000002e-02 +1.0000000000000000e+00 +1.0000000000000001e-09
+1.3960000000000002e-02 +1.0000000000000000e+00 +1.0000000000000001e-09

+1.3960000000000002e-02 +1.0000000000000000e+00 +1.0000000000000001e-09
+1.4000000000000000e-02 +1.0000000000000000e+00 +1.0000000000000001e-09

+1.4000000000000000e-02 +1.0000000000000000e+00 +1.0000000000000001e-09
+1.4040000000000000e-02 +1.0000000000000000e+00 +1.0000000000000001e-09

+1.4040000000000000e-02 +1.0000000000000000e+00 +1.0000000000000001e-09
+1.4080000000000001e-02 +1.0000000000000000e+00 +1.0000000000000001e-09

+1.4080000000000001e-02 +1.0000000000000000e+00 +1.0000000000000001e-09
+1.4120000000000001e-02 +1.0000000000000000e+00 +1.0000000000000001e-09

+1.4120000000000001e-02 +1.0000000000000000e+00 +1.0000000000000001e-09
+1.4160000000000001e-02 +1.0000000000000000e+00 +1.0000000000000001e-09

+1.4160000000000001e-02 +1.0000000000000000e+00 +1.0000000000000001e-09
+1.4200000000000001e-02 +1.0000000000000000e+00 +1.0000000000000001e-09

+1.4200000000000001e-02 +1.0000000000000000e+00 +1.0000000000000001e-09
+1.4240000000000001e-02 +1.0000000000000000e+00 +1.0000000000000001e-09

+1.4240000000000001e-02 +1.0000000000000000e+00 +1.0000000000000001e-09
+1.4280000000000001e-02 +1.0000000000000000e+00 +1.0000000000000001e-09

+1.4280000000000001e-02 +1.0000000000000000e+00 +1.0000000000000001e-09
+1.4320000000000001e-02 +1.0000000000000000e+00 +1.0000000000000001e-09

+1.4320000000000001e-02 +1.0000000000000000e+00 +1.0000000000000001e-09
+1.4360000000000001e-02 +1.0000000000000000e+00 +1.0000000000000001e-09

+1.4360000000000001e-02 +1.0000000000000000e+00 +1.0000000000000001e-09
+1.4400000000000001e-02 +1.0000000000000000e+00 +1.0000000000000001e-09

+1.4400000000000001e-02 +1.0000000000000000e+00 +1.0000000000000001e-09
+1.4440000000000001e-02 +1.0000000000000000e+00 +1.0000000000000001e-09

+1.4440000000000001e-02 +1.0000000000000000e+00 +1.0000000000000001e-09
+1.4480000000000002e-02 +1.0000000000000000e+00 +1.0000000000000001e-09

+1.4480000000000002e-02 +1.0000000000000000e+00 +1.0000000000000001e-09
+1.4520000000000002e-02 +1.0000000000000000e+00 +1.0000000000000001e-09

+1.4520000000000002e-02 +1.0000000000000000e+00 +1.0000000000000001e-09
+1.4560000000000002e-02 +1.0000000000000000e+00 +1.0000000000000001e-09

+1.4560000000000002e-02 +1.0000000000000000e+00 +1.0000000000000001e-09
+1.4600000000000002e-02 +1.0000000000000000e+00 +1.0000000000000001e-09

+1.4600000000000002e-02 +1.0000000000000000e+00 +1.0000000000000001e-09
+1.4640000000000002e-02 +1.0000000000000000e+00 +1.0000000000000001e-09

+1.4640000000000002e-02 +1.0000000000000000e+00 +1.0000000000000001e-09
+1.4680000000000000e-02 +1.0000000000000000e+00 +1.0000000000000001e-09

+1.4680000000000000e-02 +1.0000000000000000e+00 +1.0000000000000001e-09
+1.4720000000000000e-02 +1.0000000000000000e+00 +1.0000000000000001e-09

+1.4720000000000000e-02 +1.0000000000000000e+00 +1.0000000000000001e-09
+1.4760000000000001e-02 +1.0000000000000000e+00 +1.0000000000000001e-09

+1.4760000000000001e-02 +1.0000000000000000e+00 +1.0000000000000001e-09
+1.4800000000000001e-02 +1.0000000000000000e+00 +1.0000000000000001e-09

+1.4800000000000001e-02 +1.0000000000000000e+00 +1.0000000000000001e-09
+1.4840000000000001e-02 +1.0000000000000000e+00 +1.0000000000000001e-09

+1.4840000000000001e-02 +1.0000000000000000e+00 +1.0000000000000001e-09
+1.4880000000000001e-02 +1.0000000000000000e+00 +1.0000000000000001e-09

+1.4880000000000001e-02 +1.0000000000000000e+00 +1.0000000000000001e-09
+1.4920000000000001e-02 +1.0000000000000000e+00 +1.0000000000000001e-09

+1.4920000000000001e-02 +1.0000000000000000e+00 +1.0000000000000001e-09
+1.4960000000000001e-02 +1.0000000000000000e+00 +1.0000000000000001e-09

+1.4960000000000001e-02 +1.0000000000000000e+00 +1.0000000000000001e-09
+1.5000000000000001e-02 +1.0000000000000000e+00 +1.0000000000000001e-09

+1.5000000000000001e-02 +1.0000000000000000e+00 +1.0000000000000001e-09
+1.5040000000000001e-02 +1.0000000000000000e+00 +1.0000000000000001e-09

+1.5040000000000001e-02 +1.0000000000000000e+00 +1.0000000000000001e-09
+1.5080000000000001e-02 +1.0000000000000000e+00 +1.0000000000000001e-09

+1.5080000000000001e-02 +1.0000000000000000e+00 +1.0000000000000001e-09
+1.5120000000000001e-02 +1.0000000000000000e+00 +1.0000000000000001e-09

+1.5120000000000001e-02 +1.0000000000000000e+00 +1.0000000000000001e-09
+1.5160000000000002e-02 +1.0000000000000000e+00 +1.0000000000000001e-09

+1.5160000000000002e-02 +1.0000000000000000e+00 +1.0000000000000001e-09
+1.5200000000000002e-02 +1.0000000000000000e+00 +1.0000000000000001e-09

+1.5200000000000002e-02 +1.0000000000000000e+00 +1.0000000000000001e-09
+1.5240000000000002e-02 +1.0000000000000000e+00 +1.0000000000000001e-09

+1.5240000000000002e-02 +1.0000000000000000e+00 +1.0000000000000001e-09
+1.5280000000000002e-02 +1.0000000000000000e+00 +1.0000000000000001e-09

+1.5280000000000002e-02 +1.0000000000000000e+00 +1.0000000000000001e-09
+1.5320000000000002e-02 +1.0000000000000000e+00 +1.0000000000000001e-09

+1.5320000000000002e-02 +1.0000000000000000e+00 +1.0000000000000001e-09
+1.5360000000000002e-02 +1.0000000000000000e+00 +1.0000000000000001e-09

+1.5360000000000002e-02 +1.0000000000000000e+00 +1.0000000000000001e-09
+1.5400000000000000e-02 +1.0000000000000000e+00 +1.0000000000000001e-09

+1.5400000000000000e-02 +1.0000000000000000e+00 +1.0000000000000001e-09
+1.5440000000000001e-02 +1.0000000000000000e+00 +1.0000000000000001e-09

+1.5440000000000001e-02 +1.0000000000000000e+00 +1.0000000000000001e-09
+1.5480000000000001e-02 +1.0000000000000000e+00 +1.0000000000000001e-09

+1.5480000000000001e-02 +1.0000000000000000e+00 +1.0000000000000001e-09
+1.5520000000000001e-02 +1.0000000000000000e+00 +1.0000000000000001e-09

+1.5520000000000001e-02 +1.0000000000000000e+00 +1.0000000000000001e-09
+1.5560000000000001e-02 +1.0000000000000000e+00 +1.0000000000000001e-09

+1.5560000000000001e-02 +1.0000000000000000e+00 +1.0000000000000001e-09
+1.5600000000000001e-02 +1.0000000000000000e+00 +1.0000000000000001e-09

+1.5600000000000001e-02 +1.0000000000000000e+00 +1.0000000000000001e-09
+1.5640000000000001e-02 +1.0000000000000000e+00 +1.0000000000000001e-09

+1.5640000000000001e-02 +1.0000000000000000e+00 +1.0000000000000003e-09
+1.5680000000000003e-02 +1.0000000000000000e+00 +1.0000000000000003e-09

+1.5680000000000003e-02 +1.0000000000000000e+00 +1.0000000000000001e-09
+1.5720000000000001e-02 +1.0000000000000000e+00 +1.0000000000000001e-09

+1.5720000000000001e-02 +1.0000000000000000e+00 +1.0000000000000001e-09
+1.5760000000000000e-02 +1.0000000000000000e+00 +1.0000000000000001e-09

+1.5760000000000000e-02 +1.0000000000000000e+00 +1.0000000000000003e-09
+1.5800000000000002e-02 +1.0000000000000000e+00 +1.0000000000000003e-09

+1.5800000000000002e-02 +1.0000000000000000e+00 +1.0000000000000001e-09
+1.5840000000000000e-02 +1.0000000000000000e+00 +1.0000000000000001e-09

+1.5840000000000000e-02 +1.0000000000000000e+00 +1.0000000000000003e-09
+1.5880000000000002e-02 +1.0000000000000000e+00 +1.0000000000000003e-09

+1.5880000000000002e-02 +1.0000000000000000e+00 +1.0000000000000001e-09
+1.5920000000000000e-02 +1.0000000000000000e+00 +1.0000000000000001e-09

+1.5920000000000000e-02 +1.0000000000000000e+00 +1.0000000000000003e-09
+1.5960000000000002e-02 +1.0000000000000000e+00 +1.0000000000000003e-09

+1.5960000000000002e-02 +1.0000000000000000e+00 +1.0000000000000001e-09
+1.6000000000000000e-02 +1.0000000000000000e+00 +1.0000000000000001e-09

+1.6000000000000000e-02 +1.0000000000000000e+00 +1.0000000000000003e-09
+1.6040000000000002e-02 +1.0000000000000000e+00 +1.0000000000000003e-09

+1.6040000000000002e-02 +1.0000000000000000e+00 +1.0000000000000001e-09
+1.6080000000000001e-02 +1.0000000000000000e+00 +1.0000000000000001e-09

+1.6080000000000001e-02 +1.0000000000000000e+00 +1.0000000000000003e-09
+1.6120000000000002e-02 +1.0000000000000000e+00 +1.0000000000000003e-09

+1.6120000000000002e-02 +1.0000000000000000e+00 +1.0000000000000001e-09
+1.6160000000000001e-02 +1.0000000000000000e+00 +1.0000000000000001e-09

+1.6160000000000001e-02 +1.0000000000000000e+00 +1.0000000000000003e-09
+1.6200000000000003e-02 +1.0000000000000000e+00 +1.0000000000000003e-09

+1.6200000000000003e-02 +1.0000000000000000e+00 +1.0000000000000001e-09
+1.6240000000000001e-02 +1.0000000000000000e+00 +1.0000000000000001e-09

+1.6240000000000001e-02 +1.0000000000000000e+00 +1.0000000000000003e-09
+1.6280000000000003e-02 +1.0000000000000000e+00 +1.0000000000000003e-09

+1.6280000000000003e-02 +1.0000000000000000e+00 +1.0000000000000001e-09
+1.6320000000000001e-02 +1.0000000000000000e+00 +1.0000000000000001e-09

+1.6320000000000001e-02 +1.0000000000000000e+00 +1.0000000000000003e-09
+1.6360000000000003e-02 +1.0000000000000000e+00 +1.0000000000000003e-09

+1.6360000000000003e-02 +1.0000000000000000e+00 +1.0000000000000001e-09
+1.6400000000000001e-02 +1.0000000000000000e+00 +1.0000000000000001e-09

+1.6400000000000001e-02 +1.0000000000000000e+00 +1.0000000000000001e-09
+1.6440000000000000e-02 +1.0000000000000000e+00 +1.0000000000000001e-09

+1.6440000000000000e-02 +1.0000000000000000e+00 +1.0000000000000003e-09
+1.6480000000000002e-02 +1.0000000000000000e+00 +1.0000000000000003e-09

+1.6480000000000002e-02 +1.0000000000000000e+00 +1.0000000000000001e-09
+1.6520000000000000e-02 +1.0000000000000000e+00 +1.0000000000000001e-09

+1.6520000000000000e-02 +1.0000000000000000e+00 +1.0000000000000003e-09
+1.6560000000000002e-02 +1.0000000000000000e+00 +1.0000000000000003e-09

+1.6560000000000002e-02 +1.0000000000000000e+00 +1.0000000000000001e-09
+1.6600000000000000e-02 +1.0000000000000000e+00 +1.0000000000000001e-09

+1.6600000000000000e-02 +1.0000000000000000e+00 +1.0000000000000003e-09
+1.6640000000000002e-02 +1.0000000000000000e+00 +1.0000000000000003e-09

+1.6640000000000002e-02 +1.0000000000000000e+00 +1.0000000000000001e-09
+1.6680000000000000e-02 +1.0000000000000000e+00 +1.0000000000000001e-09

+1.6680000000000000e-02 +1.0000000000000000e+00 +1.0000000000000003e-09
+1.6720000000000002e-02 +1.0000000000000000e+00 +1.0000000000000003e-09

+1.6720000000000002e-02 +1.0000000000000000e+00 +1.0000000000000001e-09
+1.6760000000000001e-02 +1.0000000000000000e+00 +1.0000000000000001e-09

+1.6760000000000001e-02 +1.0000000000000000e+00 +1.0000000000000003e-09
+1.6800000000000002e-02 +1.0000000000000000e+00 +1.0000000000000003e-09

+1.6800000000000002e-02 +1.0000000000000000e+00 +1.0000000000000001e-09
+1.6840000000000001e-02 +1.0000000000000000e+00 +1.0000000000000001e-09

+1.6840000000000001e-02 +1.0000000000000000e+00 +1.0000000000000003e-09
+1.6880000000000003e-02 +1.0000000000000000e+00 +1.0000000000000003e-09

+1.6880000000000003e-02 +1.0000000000000000e+00 +1.0000000000000001e-09
+1.6920000000000001e-02 +1.0000000000000000e+00 +1.0000000000000001e-09

+1.6920000000000001e-02 +1.0000000000000000e+00 +1.0000000000000003e-09
+1.6960000000000003e-02 +1.0000000000000000e+00 +1.0000000000000003e-09

+1.6960000000000003e-02 +1.0000000000000000e+00 +1.0000000000000001e-09
+1.7000000000000001e-02 +1.0000000000000000e+00 +1.0000000000000001e-09

+1.7000000000000001e-02 +1.0000000000000000e+00 +1.0000000000000003e-09
+1.7040000000000003e-02 +1.0000000000000000e+00 +1.0000000000000003e-09

+1.7040000000000003e-02 +1.0000000000000000e+00 +1.0000000000000001e-09
+1.7080000000000001e-02 +1.0000000000000000e+00 +1.0000000000000001e-09

+1.7080000000000001e-02 +1.0000000000000000e+00 +1.0000000000000001e-09
+1.7120000000000000e-02 +1.0000000000000000e+00 +1.0000000000000001e-09

+1.7120000000000000e-02 +1.0000000000000000e+00 +1.0000000000000003e-09
+1.7160000000000002e-02 +1.0000000000000000e+00 +1.0000000000000003e-09

+1.7160000000000002e-02 +1.0000000000000000e+00 +1.0000000000000001e-09
+1.7200000000000000e-02 +1.0000000000000000e+00 +1.0000000000000001e-09

+1.7200000000000000e-02 +1.0000000000000000e+00 +1.0000000000000003e-09
+1.7240000000000002e-02 +1.0000000000000000e+00 +1.0000000000000003e-09

+1.7240000000000002e-02 +1.0000000000000000e+00 +1.0000000000000001e-09
+1.7280000000000000e-02 +1.0000000000000000e+00 +1.0000000000000001e-09

+1.7280000000000000e-02 +1.0000000000000000e+00 +1.0000000000000003e-09
+1.7320000000000002e-02 +1.0000000000000000e+00 +1.0000000000000003e-09

+1.7320000000000002e-02 +1.0000000000000000e+00 +1.0000000000000001e-09
+1.7360000000000000e-02 +1.0000000000000000e+00 +1.0000000000000001e-09

+1.7360000000000000e-02 +1.0000000000000000e+00 +1.0000000000000003e-09
+1.7400000000000002e-02 +1.0000000000000000e+00 +1.0000000000000003e-09

+1.7400000000000002e-02 +1.0000000000000000e+00 +1.0000000000000001e-09
+1.7440000000000001e-02 +1.0000000000000000e+00 +1.0000000000000001e-09

+1.7440000000000001e-02 +1.0000000000000000e+00 +1.0000000000000003e-09
+1.7480000000000002e-02 +1.0000000000000000e+00 +1.0000000000000003e-09

+1.7480000000000002e-02 +1.0000000000000000e+00 +1.0000000000000001e-09
+1.7520000000000001e-02 +1.0000000000000000e+00 +1.0000000000000001e-09

+1.7520000000000001e-02 +1.0000000000000000e+00 +1.0000000000000003e-09
+1.7560000000000003e-02 +1.0000000000000000e+00 +1.0000000000000003e-09

+1.7560000000000003e-02 +1.0000000000000000e+00 +1.0000000000000001e-09
+1.7600000000000001e-02 +1.0000000000000000e+00 +1.0000000000000001e-09

+1.7600000000000001e-02 +1.0000000000000000e+00 +1.0000000000000003e-09
+1.7640000000000003e-02 +1.0000000000000000e+00 +1.0000000000000003e-09

+1.7640000000000003e-02 +1.0000000000000000e+00 +1.0000000000000001e-09
+1.7680000000000001e-02 +1.0000000000000000e+00 +1.0000000000000001e-09

+1.7680000000000001e-02 +1.0000000000000000e+00 +1.0000000000000003e-09
+1.7720000000000003e-02 +1.0000000000000000e+00 +1.0000000000000003e-09

+1.7720000000000003e-02 +1.0000000000000000e+00 +1.0000000000000001e-09
+1.7760000000000001e-02 +1.0000000000000000e+00 +1.0000000000000001e-09

+1.7760000000000001e-02 +1.0000000000000000e+00 +1.0000000000000001e-09
+1.7800000000000000e-02 +1.0000000000000000e+00 +1.0000000000000001e-09

+1.7800000000000000e-02 +1.0000000000000000e+00 +1.0000000000000003e-09
+1.7840000000000002e-02 +1.0000000000000000e+00 +1.0000000000000003e-09

+1.7840000000000002e-02 +1.0000000000000000e+00 +1.0000000000000001e-09
+1.7880000000000000e-02 +1.0000000000000000e+00 +1.0000000000000001e-09

+1.7880000000000000e-02 +1.0000000000000000e+00 +1.0000000000000003e-09
+1.7920000000000002e-02 +1.0000000000000000e+00 +1.0000000000000003e-09

+1.7920000000000002e-02 +1.0000000000000000e+00 +1.0000000000000001e-09
+1.7960000000000000e-02 +1.0000000000000000e+00 +1.0000000000000001e-09

+1.7960000000000000e-02 +1.0000000000000000e+00 +1.0000000000000003e-09
+1.8000000000000002e-02 +1.0000000000000000e+00 +1.0000000000000003e-09

+1.8000000000000002e-02 +1.0000000000000000e+00 +1.0000000000000001e-09
+1.8040000000000000e-02 +1.0000000000000000e+00 +1.0000000000000001e-09

+1.8040000000000000e-02 +1.0000000000000000e+00 +1.0000000000000003e-09
+1.8080000000000002e-02 +1.0000000000000000e+00 +1.0000000000000003e-09

+1.8080000000000002e-02 +1.0000000000000000e+00 +1.0000000000000001e-09
+1.8120000000000001e-02 +1.0000000000000000e+00 +1.0000000000000001e-09

+1.8120000000000001e-02 +1.0000000000000000e+00 +1.0000000000000003e-09
+1.8160000000000003e-02 +1.0000000000000000e+00 +1.0000000000000003e-09

+1.8160000000000003e-02 +1.0000000000000000e+00 +1.0000000000000001e-09
+1.8200000000000001e-02 +1.0000000000000000e+00 +1.0000000000000001e-09

+1.8200000000000001e-02 +1.0000000000000000e+00 +1.0000000000000003e-09
+1.8240000000000003e-02 +1.0000000000000000e+00 +1.0000000000000003e-09

+1.8240000000000003e-02 +1.0000000000000000e+00 +1.0000000000000001e-09
+1.8280000000000001e-02 +1.0000000000000000e+00 +1.0000000000000001e-09

+1.8280000000000001e-02 +1.0000000000000000e+00 +1.0000000000000003e-09
+1.8320000000000003e-02 +1.0000000000000000e+00 +1.0000000000000003e-09

+1.8320000000000003e-02 +1.0000000000000000e+00 +1.0000000000000001e-09
+1.8360000000000001e-02 +1.0000000000000000e+00 +1.0000000000000001e-09

+1.8360000000000001e-02 +1.0000000000000000e+00 +1.0000000000000003e-09
+1.8400000000000003e-02 +1.0000000000000000e+00 +1.0000000000000003e-09

+1.8400000000000003e-02 +1.0000000000000000e+00 +1.0000000000000001e-09
+1.8440000000000002e-02 +1.0000000000000000e+00 +1.0000000000000001e-09

+1.8440000000000002e-02 +1.0000000000000000e+00 +1.0000000000000001e-09
+1.8480000000000000e-02 +1.0000000000000000e+00 +1.0000000000000001e-09

+1.8480000000000000e-02 +1.0000000000000000e+00 +1.0000000000000003e-09
+1.8520000000000002e-02 +1.0000000000000000e+00 +1.0000000000000003e-09

+1.8520000000000002e-02 +1.0000000000000000e+00 +1.0000000000000001e-09
+1.8560000000000000e-02 +1.0000000000000000e+00 +1.0000000000000001e-09

+1.8560000000000000e-02 +1.0000000000000000e+00 +1.0000000000000003e-09
+1.8600000000000002e-02 +1.0000000000000000e+00 +1.0000000000000003e-09

+1.8600000000000002e-02 +1.0000000000000000e+00 +1.0000000000000001e-09
+1.8640000000000000e-02 +1.0000000000000000e+00 +1.0000000000000001e-09

+1.8640000000000000e-02 +1.0000000000000000e+00 +1.0000000000000003e-09
+1.8680000000000002e-02 +1.0000000000000000e+00 +1.0000000000000003e-09

+1.8680000000000002e-02 +1.0000000000000000e+00 +1.0000000000000001e-09
+1.8720000000000001e-02 +1.0000000000000000e+00 +1.0000000000000001e-09

+1.8720000000000001e-02 +1.0000000000000000e+00 +1.0000000000000003e-09
+1.8760000000000002e-02 +1.0000000000000000e+00 +1.0000000000000003e-09

+1.8760000000000002e-02 +1.0000000000000000e+00 +1.0000000000000001e-09
+1.8800000000000001e-02 +1.0000000000000000e+00 +1.0000000000000001e-09

+1.8800000000000001e-02 +1.0000000000000000e+00 +1.0000000000000003e-09
+1.8840000000000003e-02 +1.0000000000000000e+00 +1.0000000000000003e-09

+1.8840000000000003e-02 +1.0000000000000000e+00 +1.0000000000000001e-09
+1.8880000000000001e-02 +1.0000000000000000e+00 +1.0000000000000001e-09

+1.8880000000000001e-02 +1.0000000000000000e+00 +1.0000000000000003e-09
+1.8920000000000003e-02 +1.0000000000000000e+00 +1.0000000000000003e-09

+1.8920000000000003e-02 +1.0000000000000000e+00 +1.0000000000000001e-09
+1.8960000000000001e-02 +1.0000000000000000e+00 +1.0000000000000001e-09

+1.8960000000000001e-02 +1.0000000000000000e+00 +1.0000000000000003e-09
+1.9000000000000003e-02 +1.0000000000000000e+00 +1.0000000000000003e-09

+1.9000000000000003e-02 +1.0000000000000000e+00 +1.0000000000000001e-09
+1.9040000000000001e-02 +1.0000000000000000e+00 +1.0000000000000001e-09

+1.9040000000000001e-02 +1.0000000000000000e+00 +1.0000000000000003e-09
+1.9080000000000003e-02 +1.0000000000000000e+00 +1.0000000000000003e-09

+1.9080000000000003e-02 +1.0000000000000000e+00 +1.0000000000000001e-09
+1.9120000000000002e-02 +1.0000000000000000e+00 +1.0000000000000001e-09

+1.9120000000000002e-02 +1.0000000000000000e+00 +1.0000000000000001e-09
+1.9160000000000000e-02 +1.0000000000000000e+00 +1.0000000000000001e-09

+1.9160000000000000e-02 +1.0000000000000000e+00 +1.0000000000000003e-09
+1.9200000000000002e-02 +1.0000000000000000e+00 +1.0000000000000003e-09

+1.9200000000000002e-02 +1.0000000000000000e+00 +1.0000000000000001e-09
+1.9240000000000000e-02 +1.0000000000000000e+00 +1.0000000000000001e-09

+1.9240000000000000e-02 +1.0000000000000000e+00 +1.0000000000000003e-09
+1.9280000000000002e-02 +1.0000000000000000e+00 +1.0000000000000003e-09

+1.9280000000000002e-02 +1.0000000000000000e+00 +1.0000000000000001e-09
+1.9320000000000000e-02 +1.0000000000000000e+00 +1.0000000000000001e-09

+1.9320000000000000e-02 +1.0000000000000000e+00 +1.0000000000000003e-09
+1.9360000000000002e-02 +1.0000000000000000e+00 +1.0000000000000003e-09

+1.9360000000000002e-02 +1.0000000000000000e+00 +1.0000000000000001e-09
+1.9400000000000001e-02 +1.0000000000000000e+00 +1.0000000000000001e-09

+1.9400000000000001e-02 +1.0000000000000000e+00 +1.0000000000000003e-09
+1.9440000000000002e-02 +1.0000000000000000e+00 +1.0000000000000003e-09

+1.9440000000000002e-02 +1.0000000000000000e+00 +1.0000000000000001e-09
+1.9480000000000001e-02 +1.0000000000000000e+00 +1.0000000000000001e-09

+1.9480000000000001e-02 +1.0000000000000000e+00 +1.0000000000000003e-09
+1.9520000000000003e-02 +1.0000000000000000e+00 +1.0000000000000003e-09

+1.9520000000000003e-02 +1.0000000000000000e+00 +1.0000000000000001e-09
+1.9560000000000001e-02 +1.0000000000000000e+00 +1.0000000000000001e-09

+1.9560000000000001e-02 +1.0000000000000000e+00 +1.0000000000000003e-09
+1.9600000000000003e-02 +1.0000000000000000e+00 +1.0000000000000003e-09

+1.9600000000000003e-02 +1.0000000000000000e+00 +1.0000000000000001e-09
+1.9640000000000001e-02 +1.0000000000000000e+00 +1.0000000000000001e-09

+1.9640000000000001e-02 +1.0000000000000000e+00 +1.0000000000000003e-09
+1.9680000000000003e-02 +1.0000000000000000e+00 +1.0000000000000003e-09

+1.9680000000000003e-02 +1.0000000000000000e+00 +1.0000000000000001e-09
+1.9720000000000001e-02 +1.0000000000000000e+00 +1.0000000000000001e-09

+1.9720000000000001e-02 +1.0000000000000000e+00 +1.0000000000000003e-09
+1.9760000000000003e-02 +1.0000000000000000e+00 +1.0000000000000003e-09

+1.9760000000000003e-02 +1.0000000000000000e+00 +1.0000000000000001e-09
+1.9800000000000002e-02 +1.0000000000000000e+00 +1.0000000000000001e-09

+1.9800000000000002e-02 +1.0000000000000000e+00 +1.0000000000000001e-09
+1.9840000000000000e-02 +1.0000000000000000e+00 +1.0000000000000001e-09

+1.9840000000000000e-02 +1.0000000000000000e+00 +1.0000000000000003e-09
+1.9880000000000002e-02 +1.0000000000000000e+00 +1.0000000000000003e-09

+1.9880000000000002e-02 +1.0000000000000000e+00 +1.0000000000000001e-09
+1.9920000000000000e-02 +1.0000000000000000e+00 +1.0000000000000001e-09

+1.9920000000000000e-02 +1.0000000000000000e+00 +1.0000000000000003e-09
+1.9960000000000002e-02 +1.0000000000000000e+00 +1.0000000000000003e-09

+1.9960000000000002e-02 +1.0000000000000000e+00 +1.0000000000000001e-09
+2.0000000000000000e-02 +1.0000000000000000e+00 +1.0000000000000001e-09


