+0.0000000000000000e+00 +3.3333333333333331e-01 +9.5739635550863234e-01
+2.5000000000000001e-05 +1.3333333333333333e+00 +9.5739635550863234e-01
+5.0000000000000002e-05 +3.3333333333333331e-01 +9.5739635550863234e-01

+5.0000000000000002e-05 +3.3333333333333331e-01 +9.5649467289390455e-01
+7.5000000000000007e-05 +1.3333333333333333e+00 +9.5555588106778278e-01
+1.0000000000000000e-04 +3.3333333333333331e-01 +9.5461708924166100e-01

+1.0000000000000000e-04 +3.3333333333333331e-01 +9.5461404571741948e-01
+1.2500000000000000e-04 +1.3333333333333333e+00 +9.5368211808924197e-01
+1.5000000000000001e-04 +3.3333333333333331e-01 +9.5275019046106446e-01

+1.5000000000000001e-04 +3.3333333333333331e-01 +9.5274732531403006e-01
+1.7500000000000003e-04 +1.3333333333333333e+00 +9.5182145175521837e-01
+2.0000000000000001e-04 +3.3333333333333331e-01 +9.5089557819640669e-01

+2.0000000000000001e-04 +3.3333333333333331e-01 +9.5089288327451282e-01
+2.2499999999999999e-04 +1.3333333333333333e+00 +9.4997228118021504e-01
+2.5000000000000001e-04 +3.3333333333333331e-01 +9.4905167908591725e-01

+2.5000000000000001e-04 +3.3333333333333331e-01 +9.4904914647883631e-01
+2.7500000000000002e-04 +1.3333333333333333e+00 +9.4813306010159637e-01
+3.0000000000000003e-04 +3.3333333333333331e-01 +9.4721697372435643e-01

+3.0000000000000003e-04 +3.3333333333333331e-01 +9.4721459577374623e-01
+3.2499999999999999e-04 +1.3333333333333333e+00 +9.4630229546722699e-01
+3.5000000000000000e-04 +3.3333333333333331e-01 +9.4538999516070776e-01

+3.5000000000000000e-04 +3.3333333333333331e-01 +9.4538776446770756e-01
+3.7500000000000001e-04 +1.3333333333333333e+00 +9.4447854585338742e-01
+4.0000000000000002e-04 +3.3333333333333331e-01 +9.4356932723906728e-01

+4.0000000000000002e-04 +3.3333333333333331e-01 +9.4356723667012676e-01
+4.2500000000000003e-04 +1.3333333333333333e+00 +9.4266041973884163e-01
+4.5000000000000004e-04 +3.3333333333333331e-01 +9.4175360280755649e-01

+4.5000000000000004e-04 +3.3333333333333331e-01 +9.4175164549775614e-01
+4.7500000000000005e-04 +1.3333333333333333e+00 +9.4084657365690716e-01
+5.0000000000000001e-04 +3.3333333333333331e-01 +9.3994150181605818e-01

+5.0000000000000001e-04 +3.3333333333333331e-01 +9.3993967117092758e-01
+5.2500000000000008e-04 +1.3333333333333333e+00 +9.3903571024711863e-01
+5.5000000000000003e-04 +3.3333333333333331e-01 +9.3813174932330967e-01

+5.5000000000000003e-04 +3.3333333333333331e-01 +9.3813003901935821e-01
+5.7499999999999999e-04 +1.3333333333333333e+00 +9.3722657622525352e-01
+6.0000000000000006e-04 +3.3333333333333331e-01 +9.3632311343114882e-01

+6.0000000000000006e-04 +3.3333333333333331e-01 +9.3632151741452518e-01
+6.2500000000000012e-04 +1.3333333333333333e+00 +9.3541796028770430e-01
+6.5000000000000008e-04 +3.3333333333333331e-01 +9.3451440316088341e-01

+6.5000000000000008e-04 +3.3333333333333331e-01 +9.3451291564528394e-01
+6.7500000000000004e-04 +1.3333333333333333e+00 +9.3360869096598587e-01
+6.9999999999999999e-04 +3.3333333333333331e-01 +9.3270446628668779e-01

+6.9999999999999999e-04 +3.3333333333333331e-01 +9.3270308175002725e-01
+7.2499999999999995e-04 +1.3333333333333333e+00 +9.3179763444375474e-01
+7.5000000000000002e-04 +3.3333333333333331e-01 +9.3089218713748223e-01

+7.5000000000000002e-04 +3.3333333333333331e-01 +9.3089090031791233e-01
+7.7500000000000008e-04 +1.3333333333333333e+00 +9.2998369234807299e-01
+8.0000000000000004e-04 +3.3333333333333331e-01 +9.2907648437823365e-01

+8.0000000000000004e-04 +3.3333333333333331e-01 +9.2907529026921309e-01
+8.2500000000000000e-04 +1.3333333333333333e+00 +9.2816579952416334e-01
+8.5000000000000006e-04 +3.3333333333333331e-01 +9.2725630877911358e-01

+8.5000000000000006e-04 +3.3333333333333331e-01 +9.2725520262406191e-01
+8.7500000000000013e-04 +1.3333333333333333e+00 +9.2634292180221089e-01
+9.0000000000000008e-04 +3.3333333333333331e-01 +9.2543064098035988e-01

+9.0000000000000008e-04 +3.3333333333333331e-01 +9.2542961826679693e-01
+9.2500000000000004e-04 +1.3333333333333333e+00 +9.2451405376273665e-01
+9.5000000000000000e-04 +3.3333333333333331e-01 +9.2359848925867638e-01

+9.5000000000000000e-04 +3.3333333333333331e-01 +9.2359754571193364e-01
+9.7499999999999996e-04 +1.3333333333333333e+00 +9.2267821650594106e-01
+1.0000000000000000e-03 +3.3333333333333331e-01 +9.2175888729994848e-01

+1.0000000000000000e-03 +3.3333333333333331e-01 +9.2175801887679687e-01
+1.0250000000000001e-03 +1.3333333333333333e+00 +9.2083445542945541e-01
+1.0500000000000002e-03 +3.3333333333333331e-01 +9.1991089198211395e-01

+1.0500000000000002e-03 +3.3333333333333331e-01 +9.1991009486386754e-01
+1.0750000000000000e-03 +1.3333333333333333e+00 +9.1898183801702071e-01
+1.1000000000000001e-03 +3.3333333333333331e-01 +9.1805358117017388e-01

+1.1000000000000001e-03 +3.3333333333333331e-01 +9.1805285175617457e-01
+1.1250000000000001e-03 +1.3333333333333333e+00 +9.1711945164092867e-01
+1.1500000000000000e-03 +3.3333333333333331e-01 +9.1618605152568278e-01

+1.1500000000000000e-03 +3.3333333333333331e-01 +9.1618538642628600e-01
+1.1750000000000000e-03 +1.3333333333333333e+00 +9.1524640137830104e-01
+1.2000000000000001e-03 +3.3333333333333331e-01 +9.1430741633031609e-01

+1.2000000000000001e-03 +3.3333333333333331e-01 +9.1430681236009348e-01
+1.2250000000000000e-03 +1.3333333333333333e+00 +9.1336180784196153e-01
+1.2500000000000000e-03 +3.3333333333333331e-01 +9.1241680332382957e-01

+1.2500000000000000e-03 +3.3333333333333331e-01 +9.1241625749504174e-01
+1.2750000000000001e-03 +1.3333333333333333e+00 +9.1146480502518223e-01
+1.3000000000000002e-03 +3.3333333333333331e-01 +9.1051335255532273e-01

+1.3000000000000002e-03 +3.3333333333333331e-01 +9.1051286207106330e-01
+1.3250000000000002e-03 +1.3333333333333333e+00 +9.0955453815812770e-01
+1.3500000000000001e-03 +3.3333333333333331e-01 +9.0859621424519210e-01

+1.3500000000000001e-03 +3.3333333333333331e-01 +9.0859577649323842e-01
+1.3749999999999999e-03 +1.3333333333333333e+00 +9.0763016157470799e-01
+1.4000000000000000e-03 +3.3333333333333331e-01 +9.0666454665617757e-01

+1.4000000000000000e-03 +3.3333333333333331e-01 +9.0666415920262577e-01
+1.4250000000000001e-03 +1.3333333333333333e+00 +9.0569083658590444e-01
+1.4500000000000001e-03 +3.3333333333333331e-01 +9.0471751396918310e-01

+1.4500000000000001e-03 +3.3333333333333331e-01 +9.0471717455248235e-01
+1.4750000000000002e-03 +1.3333333333333333e+00 +9.0373572935647650e-01
+1.5000000000000000e-03 +3.3333333333333331e-01 +9.0275428416047065e-01

+1.5000000000000000e-03 +3.3333333333333331e-01 +9.0275399068593665e-01
+1.5250000000000001e-03 +1.3333333333333333e+00 +9.0176400878076346e-01
+1.5500000000000002e-03 +3.3333333333333331e-01 +9.0077402687559027e-01

+1.5500000000000002e-03 +3.3333333333333331e-01 +9.0077377740977771e-01
+1.5750000000000000e-03 +1.3333333333333333e+00 +8.9977484435195509e-01
+1.6000000000000001e-03 +3.3333333333333331e-01 +8.9877591129413248e-01

+1.6000000000000001e-03 +3.3333333333333331e-01 +8.9877570406006146e-01
+1.6250000000000001e-03 +1.3333333333333333e+00 +8.9776740402015509e-01
+1.6500000000000000e-03 +3.3333333333333331e-01 +8.9675910398024872e-01

+1.6500000000000000e-03 +3.3333333333333331e-01 +8.9675893735256840e-01
+1.6750000000000001e-03 +1.3333333333333333e+00 +8.9574085203198883e-01
+1.7000000000000001e-03 +3.3333333333333331e-01 +8.9472276671140927e-01

+1.7000000000000001e-03 +3.3333333333333331e-01 +8.9472263921212192e-01
+1.7250000000000000e-03 +1.3333333333333333e+00 +8.9369434674538173e-01
+1.7500000000000000e-03 +3.3333333333333331e-01 +8.9266605427864154e-01

+1.7500000000000000e-03 +3.3333333333333331e-01 +8.9266596457339165e-01
+1.7750000000000001e-03 +1.3333333333333333e+00 +8.9162703841179047e-01
+1.8000000000000002e-03 +3.3333333333333331e-01 +8.9058811225018930e-01

+1.8000000000000002e-03 +3.3333333333333331e-01 +8.9058805914459038e-01
+1.8250000000000002e-03 +1.3333333333333333e+00 +8.8953806691688908e-01
+1.8500000000000001e-03 +3.3333333333333331e-01 +8.8848807468918778e-01

+1.8500000000000001e-03 +3.3333333333333331e-01 +8.8848805712609014e-01
+1.8749999999999999e-03 +1.3333333333333333e+00 +8.8742655947133864e-01
+1.9000000000000000e-03 +3.3333333333333331e-01 +8.8636506181658714e-01

+1.9000000000000000e-03 +3.3333333333333331e-01 +8.8636507887344052e-01
+1.9250000000000001e-03 +1.3333333333333333e+00 +8.8529162824065089e-01
+1.9500000000000001e-03 +3.3333333333333331e-01 +8.8421817760786126e-01

+1.9500000000000001e-03 +3.3333333333333331e-01 +8.8421822849474552e-01
+1.9750000000000002e-03 +1.3333333333333333e+00 +8.8313236790360727e-01
+2.0000000000000000e-03 +3.3333333333333331e-01 +8.8204650731246903e-01

+2.0000000000000000e-03 +3.3333333333333331e-01 +8.8204659137085872e-01
+2.0249999999999999e-03 +1.3333333333333333e+00 +8.8094785312714419e-01
+2.0500000000000002e-03 +3.3333333333333331e-01 +8.7984911488342965e-01

+2.0500000000000002e-03 +3.3333333333333331e-01 +8.7984923158515449e-01
+2.0750000000000005e-03 +1.3333333333333333e+00 +8.7873713594383851e-01
+2.1000000000000003e-03 +3.3333333333333331e-01 +8.7762504030252253e-01

+2.1000000000000003e-03 +3.3333333333333331e-01 +8.7762518924973432e-01
+2.1250000000000002e-03 +1.3333333333333333e+00 +8.7649924301816839e-01
+2.1500000000000000e-03 +3.3333333333333331e-01 +8.7537329678660247e-01

+2.1500000000000000e-03 +3.3333333333333331e-01 +8.7537347771231033e-01
+2.1749999999999999e-03 +1.3333333333333333e+00 +8.7423317278500545e-01
+2.2000000000000001e-03 +3.3333333333333331e-01 +8.7309286785770057e-01

+2.2000000000000001e-03 +3.3333333333333331e-01 +8.7309308062682489e-01
+2.2250000000000004e-03 +1.3333333333333333e+00 +8.7193789244251385e-01
+2.2500000000000003e-03 +3.3333333333333331e-01 +8.7078270425820281e-01

+2.2500000000000003e-03 +3.3333333333333331e-01 +8.7078294886981156e-01
+2.2750000000000001e-03 +1.3333333333333333e+00 +8.6961233478048572e-01
+2.3000000000000000e-03 +3.3333333333333331e-01 +8.6844172069115988e-01

+2.3000000000000000e-03 +3.3333333333333331e-01 +8.6844199728140081e-01
+2.3249999999999998e-03 +1.3333333333333333e+00 +8.6725539482184744e-01
+2.3500000000000001e-03 +3.3333333333333331e-01 +8.6606879236229406e-01

+2.3500000000000001e-03 +3.3333333333333331e-01 +8.6606910120811409e-01
+2.3750000000000004e-03 +1.3333333333333333e+00 +8.6486592625320224e-01
+2.4000000000000002e-03 +3.3333333333333331e-01 +8.6366275129829040e-01

+2.4000000000000002e-03 +3.3333333333333331e-01 +8.6366309282260612e-01
+2.4250000000000001e-03 +1.3333333333333333e+00 +8.6244273761807821e-01
+2.4499999999999999e-03 +3.3333333333333331e-01 +8.6122238241355031e-01

+2.4499999999999999e-03 +3.3333333333333331e-01 +8.6122275719142094e-01
+2.4749999999999998e-03 +1.3333333333333333e+00 +8.5998458824223734e-01
+2.5000000000000001e-03 +3.3333333333333331e-01 +8.5874641929305373e-01

+2.5000000000000001e-03 +3.3333333333333331e-01 +8.5874682805902969e-01
+2.5250000000000003e-03 +1.3333333333333333e+00 +8.5749018385734554e-01
+2.5500000000000002e-03 +3.3333333333333331e-01 +8.5623353965566140e-01

+2.5500000000000002e-03 +3.3333333333333331e-01 +8.5623398331301381e-01
+2.5750000000000000e-03 +1.3333333333333333e+00 +8.5495817188560208e-01
+2.6000000000000003e-03 +3.3333333333333331e-01 +8.5368236045819035e-01

+2.6000000000000003e-03 +3.3333333333333331e-01 +8.5368284008955386e-01
+2.6250000000000002e-03 +1.3333333333333333e+00 +8.5238713634185970e-01
+2.6500000000000000e-03 +3.3333333333333331e-01 +8.5109143259416553e-01

+2.6500000000000000e-03 +3.3333333333333331e-01 +8.5109194947435751e-01
+2.6750000000000003e-03 +1.3333333333333333e+00 +8.4977559230531374e-01
+2.7000000000000001e-03 +3.3333333333333331e-01 +8.4845923513626997e-01

+2.7000000000000001e-03 +3.3333333333333331e-01 +8.4845979074704847e-01
+2.7250000000000000e-03 +1.3333333333333333e+00 +8.4712197990523952e-01
+2.7500000000000003e-03 +3.3333333333333331e-01 +8.4578416906343057e-01

+2.7500000000000003e-03 +3.3333333333333331e-01 +8.4578476511119960e-01
+2.7750000000000001e-03 +1.3333333333333333e+00 +8.4442465775880471e-01
+2.8000000000000000e-03 +3.3333333333333331e-01 +8.4306455040640982e-01

+2.8000000000000000e-03 +3.3333333333333331e-01 +8.4306518884274373e-01
+2.8250000000000003e-03 +1.3333333333333333e+00 +8.4168189578885200e-01
+2.8500000000000001e-03 +3.3333333333333331e-01 +8.4029860273496026e-01

+2.8500000000000001e-03 +3.3333333333333331e-01 +8.4029928578042601e-01
+2.8750000000000000e-03 +1.3333333333333333e+00 +8.3889186733958510e-01
+2.9000000000000002e-03 +3.3333333333333331e-01 +8.3748444889874418e-01

+2.9000000000000002e-03 +3.3333333333333331e-01 +8.3748517907118292e-01
+2.9250000000000001e-03 +1.3333333333333333e+00 +8.3605264049634187e-01
+2.9499999999999999e-03 +3.3333333333333331e-01 +8.3462010192150082e-01

+2.9499999999999999e-03 +3.3333333333333331e-01 +8.3462088206888663e-01
+2.9750000000000002e-03 +1.3333333333333333e+00 +8.3316216849993263e-01
+3.0000000000000001e-03 +3.3333333333333331e-01 +8.3170345493097864e-01

+3.0000000000000001e-03 +3.3333333333333331e-01 +8.3170428826984211e-01
+3.0249999999999999e-03 +1.3333333333333333e+00 +8.3021827912947488e-01
+3.0500000000000002e-03 +3.3333333333333331e-01 +8.2873226998910765e-01

+3.0500000000000002e-03 +3.3333333333333331e-01 +8.2873316015004761e-01
+3.0750000000000005e-03 +1.3333333333333333e+00 +8.2721866290749047e-01
+3.1000000000000003e-03 +3.3333333333333331e-01 +8.2570416566493332e-01

+3.1000000000000003e-03 +3.3333333333333331e-01 +8.2570511674592162e-01
+3.1250000000000002e-03 +1.3333333333333333e+00 +8.2416085995548016e-01
+3.1500000000000000e-03 +3.3333333333333331e-01 +8.2261660316503871e-01

+3.1500000000000000e-03 +3.3333333333333331e-01 +8.2261761979472814e-01
+3.1749999999999999e-03 +1.3333333333333333e+00 +8.2104224530002812e-01
+3.2000000000000002e-03 +3.3333333333333331e-01 +8.1946687080532810e-01

+3.2000000000000002e-03 +3.3333333333333331e-01 +8.1946795821784013e-01
+3.2250000000000004e-03 +1.3333333333333333e+00 +8.1786001239301065e-01
+3.2500000000000003e-03 +3.3333333333333331e-01 +8.1625206656818117e-01

+3.2500000000000003e-03 +3.3333333333333331e-01 +8.1625323069265265e-01
+3.2750000000000001e-03 +1.3333333333333333e+00 +8.1461115456801270e-01
+3.3000000000000000e-03 +3.3333333333333331e-01 +8.1296907844337274e-01

+3.3000000000000000e-03 +3.3333333333333331e-01 +8.1297032601096719e-01
+3.3249999999999998e-03 +1.3333333333333333e+00 +8.1129244410188228e-01
+3.3500000000000001e-03 +3.3333333333333331e-01 +8.0961456219279737e-01

+3.3500000000000001e-03 +3.3333333333333331e-01 +8.0961590086543056e-01
+3.3750000000000004e-03 +1.3333333333333333e+00 +8.0790040848747491e-01
+3.4000000000000002e-03 +3.3333333333333331e-01 +8.0618491610951926e-01

+3.4000000000000002e-03 +3.3333333333333331e-01 +8.0618635463601729e-01
+3.4250000000000001e-03 +1.3333333333333333e+00 +8.0443130344610692e-01
+3.4500000000000004e-03 +3.3333333333333331e-01 +8.0267625225619654e-01

+3.4500000000000004e-03 +3.3333333333333331e-01 +8.0267780066226158e-01
+3.4750000000000002e-03 +1.3333333333333333e+00 +8.0088108211106035e-01
+3.5000000000000001e-03 +3.3333333333333331e-01 +7.9908436355985912e-01

+3.5000000000000001e-03 +3.3333333333333331e-01 +7.9908603338120443e-01
+3.5250000000000004e-03 +1.3333333333333333e+00 +7.9724535969485577e-01
+3.5500000000000002e-03 +3.3333333333333331e-01 +7.9540468600850711e-01

+3.5500000000000002e-03 +3.3333333333333331e-01 +7.9540649057878166e-01
+3.5750000000000001e-03 +1.3333333333333333e+00 +7.9351937280283669e-01
+3.6000000000000003e-03 +3.3333333333333331e-01 +7.9163225502689172e-01

+3.6000000000000003e-03 +3.3333333333333331e-01 +7.9163420983598931e-01
+3.6250000000000002e-03 +1.3333333333333333e+00 +7.8969793236820618e-01
+3.6500000000000000e-03 +3.3333333333333331e-01 +7.8776165490042305e-01

+3.6500000000000000e-03 +3.3333333333333331e-01 +7.8776377804409015e-01
+3.6750000000000003e-03 +1.3333333333333333e+00 +7.8577536894521771e-01
+3.7000000000000002e-03 +3.3333333333333331e-01 +7.8378695984634528e-01

+3.7000000000000002e-03 +3.3333333333333331e-01 +7.8378927259621411e-01
+3.7250000000000000e-03 +1.3333333333333333e+00 +7.8174546879268758e-01
+3.7500000000000003e-03 +3.3333333333333331e-01 +7.7970166498916105e-01

+3.7500000000000003e-03 +3.3333333333333331e-01 +7.7970419251921386e-01
+3.7750000000000001e-03 +1.3333333333333333e+00 +7.7760139878839230e-01
+3.8000000000000000e-03 +3.3333333333333331e-01 +7.7549860505757073e-01

+3.8000000000000000e-03 +3.3333333333333331e-01 +7.7550137738434544e-01
+3.8250000000000003e-03 +1.3333333333333333e+00 +7.7333561771039505e-01
+3.8500000000000001e-03 +3.3333333333333331e-01 +7.7116985803644467e-01

+3.8500000000000001e-03 +3.3333333333333331e-01 +7.7117291123671483e-01
+3.8750000000000000e-03 +1.3333333333333333e+00 +7.6893977074968234e-01
+3.9000000000000003e-03 +3.3333333333333331e-01 +7.6670663026264985e-01

+3.9000000000000003e-03 +3.3333333333333331e-01 +7.6671000808522793e-01
+3.9250000000000005e-03 +1.3333333333333333e+00 +7.6440456325679906e-01
+3.9500000000000004e-03 +3.3333333333333331e-01 +7.6209911842837019e-01

+3.9500000000000004e-03 +3.3333333333333331e-01 +7.6210287442604785e-01
+3.9750000000000002e-03 +1.3333333333333333e+00 +7.5971960853181852e-01
+4.0000000000000001e-03 +3.3333333333333331e-01 +7.5733634263758920e-01

+4.0000000000000001e-03 +3.3333333333333331e-01 +7.5734054304420961e-01
+4.0249999999999999e-03 +1.3333333333333333e+00 +7.5487324292678037e-01
+4.0499999999999998e-03 +3.3333333333333331e-01 +7.5240594280935114e-01

+4.0499999999999998e-03 +3.3333333333333331e-01 +7.5241067043029519e-01
+4.0750000000000005e-03 +1.3333333333333333e+00 +7.4985229934549968e-01
+4.1000000000000003e-03 +3.3333333333333331e-01 +7.4729392826070418e-01

+4.1000000000000003e-03 +3.3333333333333331e-01 +7.4729928781878507e-01
+4.1250000000000002e-03 +1.3333333333333333e+00 +7.4464182732523676e-01
+4.1500000000000000e-03 +3.3333333333333331e-01 +7.4198436683168845e-01

+4.1500000000000000e-03 +3.3333333333333331e-01 +7.4199049234021686e-01
+4.1749999999999999e-03 +1.3333333333333333e+00 +7.3922474374429037e-01
+4.2000000000000006e-03 +3.3333333333333331e-01 +7.3645899514836388e-01

+4.2000000000000006e-03 +3.3333333333333331e-01 +7.3646606023852246e-01
+4.2250000000000005e-03 +1.3333333333333333e+00 +7.3358139247337517e-01
+4.2500000000000003e-03 +3.3333333333333331e-01 +7.3069672470822788e-01

+4.2500000000000003e-03 +3.3333333333333331e-01 +7.3070495723169093e-01
+4.2750000000000002e-03 +1.3333333333333333e+00 +7.2768898299592522e-01
+4.3000000000000000e-03 +3.3333333333333331e-01 +7.2467300876015950e-01

+4.3000000000000000e-03 +3.3333333333333331e-01 +7.2468271149513197e-01
+4.3250000000000007e-03 +1.3333333333333333e+00 +7.2152086612302402e-01
+4.3500000000000006e-03 +3.3333333333333331e-01 +7.1835902075091607e-01

+4.3500000000000006e-03 +3.3333333333333331e-01 +7.1837060082096915e-01
+4.3750000000000004e-03 +1.3333333333333333e+00 +7.1504558761518433e-01
+4.4000000000000003e-03 +3.3333333333333331e-01 +7.1172057440939951e-01

+4.4000000000000003e-03 +3.3333333333333331e-01 +7.1173458610007467e-01
+4.4250000000000001e-03 +1.3333333333333333e+00 +7.0822563490009116e-01
+4.4500000000000000e-03 +3.3333333333333331e-01 +7.0471668370010765e-01

+4.4500000000000000e-03 +3.3333333333333331e-01 +7.0473388999024067e-01
+4.4749999999999998e-03 +1.3333333333333333e+00 +7.0101575242855663e-01
+4.5000000000000005e-03 +3.3333333333333331e-01 +6.9729761486687236e-01

+4.5000000000000005e-03 +3.3333333333333331e-01 +6.9731907617676070e-01
+4.5250000000000004e-03 +1.3333333333333333e+00 +6.9336064293442323e-01
+4.5500000000000002e-03 +3.3333333333333331e-01 +6.8940220969208577e-01

+4.5500000000000002e-03 +3.3333333333333331e-01 +6.8942941333090446e-01
+4.5750000000000001e-03 +1.3333333333333333e+00 +6.8519177936014675e-01
+4.5999999999999999e-03 +3.3333333333333331e-01 +6.8095414538938903e-01

+4.5999999999999999e-03 +3.3333333333333331e-01 +6.8098919309594308e-01
+4.6250000000000006e-03 +1.3333333333333333e+00 +6.7642290533294547e-01
+4.6500000000000005e-03 +3.3333333333333331e-01 +6.7185661756994808e-01

+4.6500000000000005e-03 +3.3333333333333331e-01 +6.7190249015657466e-01
+4.6750000000000003e-03 +1.3333333333333333e+00 +6.6694356625616580e-01
+4.7000000000000002e-03 +3.3333333333333331e-01 +6.6198464235575694e-01

+4.7000000000000002e-03 +3.3333333333333331e-01 +6.6204558045276585e-01
+4.7250000000000000e-03 +1.3333333333333333e+00 +6.5660962934389544e-01
+4.7499999999999999e-03 +3.3333333333333331e-01 +6.5117367823502503e-01

+4.7499999999999999e-03 +3.3333333333333331e-01 +6.5125569858915200e-01
+4.7749999999999997e-03 +1.3333333333333333e+00 +6.4522907274193375e-01
+4.8000000000000004e-03 +3.3333333333333331e-01 +6.3920244689471528e-01

+4.8000000000000004e-03 +3.3333333333333331e-01 +6.3931402182732100e-01
+4.8250000000000003e-03 +1.3333333333333333e+00 +6.3254017691081565e-01
+4.8500000000000001e-03 +3.3333333333333331e-01 +6.2576633199431031e-01

+4.8500000000000001e-03 +3.3333333333333331e-01 +6.2591916706197692e-01
+4.8750000000000000e-03 +1.3333333333333333e+00 +6.1817706969239750e-01
+4.8999999999999998e-03 +3.3333333333333331e-01 +6.1043497232281807e-01

+4.8999999999999998e-03 +3.3333333333333331e-01 +6.1064467348339124e-01
+4.9250000000000006e-03 +1.3333333333333333e+00 +6.0161340621729897e-01
+4.9500000000000004e-03 +3.3333333333333331e-01 +5.9258213895120693e-01

+4.9500000000000004e-03 +3.3333333333333331e-01 +5.9286778309027421e-01
+4.9750000000000003e-03 +1.3333333333333333e+00 +5.8206608803039084e-01
+5.0000000000000001e-03 +3.3333333333333331e-01 +5.7126439297050746e-01

+5.0000000000000001e-03 +3.3333333333333331e-01 +5.7164429176192211e-01
+5.0250000000000000e-03 +1.3333333333333333e+00 +5.5832071161905283e-01
+5.0500000000000007e-03 +3.3333333333333331e-01 +5.4499713147618312e-01

+5.0500000000000007e-03 +3.3333333333333331e-01 +5.4547147881638636e-01
+5.0750000000000005e-03 +1.3333333333333333e+00 +5.2838715437833361e-01
+5.1000000000000004e-03 +3.3333333333333331e-01 +5.1130282994028087e-01

+5.1000000000000004e-03 +3.3333333333333331e-01 +5.1178934354921224e-01
+5.1250000000000002e-03 +1.3333333333333333e+00 +4.8872908924885755e-01
+5.1500000000000001e-03 +3.3333333333333331e-01 +4.6566883494850286e-01

+5.1500000000000001e-03 +3.3333333333333331e-01 +4.6572766571523694e-01
+5.1750000000000008e-03 +1.3333333333333333e+00 +4.3215836350275671e-01
+5.2000000000000006e-03 +3.3333333333333331e-01 +3.9858906129027760e-01

+5.2000000000000006e-03 +3.3333333333333331e-01 +3.9562218293568030e-01
+5.2250000000000005e-03 +1.3333333333333333e+00 +3.3969861297713477e-01
+5.2500000000000003e-03 +3.3333333333333331e-01 +2.8377504301858925e-01

+5.2500000000000003e-03 +3.3333333333333331e-01 +2.0610268886385810e-01
+5.2750000000000002e-03 +1.3333333333333333e+00 +1.4398254854640216e-01
+5.3000000000000000e-03 +3.3333333333333331e-01 +8.1862408228946221e-02

+5.3000000000000000e-03 +3.3333333333333331e-01 +9.9999817119698423e-03
+5.3249999999999999e-03 +1.3333333333333333e+00 +9.9999817119698423e-03
+5.3500000000000006e-03 +3.3333333333333331e-01 +9.9999817119698423e-03

+5.3500000000000006e-03 +3.3333333333333331e-01 +1.0000000001621585e-02
+5.3750000000000004e-03 +1.3333333333333333e+00 +1.0000000001621585e-02
+5.4000000000000003e-03 +3.3333333333333331e-01 +1.0000000001621585e-02

+5.4000000000000003e-03 +3.3333333333333331e-01 +9.9999999999997834e-03
+5.4250000000000001e-03 +1.3333333333333333e+00 +9.9999999999997834e-03
+5.4500000000000000e-03 +3.3333333333333331e-01 +9.9999999999997834e-03

+5.4500000000000000e-03 +3.3333333333333331e-01 +1.0000000000000002e-02
+5.4750000000000007e-03 +1.3333333333333333e+00 +1.0000000000000002e-02
+5.5000000000000005e-03 +3.3333333333333331e-01 +1.0000000000000002e-02

+5.5000000000000005e-03 +3.3333333333333331e-01 +1.0000000000000002e-02
+5.5250000000000004e-03 +1.3333333333333333e+00 +1.0000000000000002e-02
+5.5500000000000002e-03 +3.3333333333333331e-01 +1.0000000000000002e-02

+5.5500000000000002e-03 +3.3333333333333331e-01 +1.0000000000000002e-02
+5.5750000000000001e-03 +1.3333333333333333e+00 +1.0000000000000002e-02
+5.5999999999999999e-03 +3.3333333333333331e-01 +1.0000000000000002e-02

+5.5999999999999999e-03 +3.3333333333333331e-01 +1.0000000000000002e-02
+5.6249999999999998e-03 +1.3333333333333333e+00 +1.0000000000000002e-02
+5.6500000000000005e-03 +3.3333333333333331e-01 +1.0000000000000002e-02

+5.6500000000000005e-03 +3.3333333333333331e-01 +1.0000000000000002e-02
+5.6750000000000004e-03 +1.3333333333333333e+00 +1.0000000000000002e-02
+5.7000000000000002e-03 +3.3333333333333331e-01 +1.0000000000000002e-02

+5.7000000000000002e-03 +3.3333333333333331e-01 +1.0000000000000002e-02
+5.7250000000000001e-03 +1.3333333333333333e+00 +1.0000000000000002e-02
+5.7499999999999999e-03 +3.3333333333333331e-01 +1.0000000000000002e-02

+5.7499999999999999e-03 +3.3333333333333331e-01 +1.0000000000000002e-02
+5.7750000000000006e-03 +1.3333333333333333e+00 +1.0000000000000002e-02
+5.8000000000000005e-03 +3.3333333333333331e-01 +1.0000000000000002e-02

+5.8000000000000005e-03 +3.3333333333333331e-01 +1.0000000000000002e-02
+5.8250000000000003e-03 +1.3333333333333333e+00 +1.0000000000000002e-02
+5.8500000000000002e-03 +3.3333333333333331e-01 +1.0000000000000002e-02

+5.8500000000000002e-03 +3.3333333333333331e-01 +1.0000000000000002e-02
+5.8750000000000000e-03 +1.3333333333333333e+00 +1.0000000000000002e-02
+5.8999999999999999e-03 +3.3333333333333331e-01 +1.0000000000000002e-02

+5.8999999999999999e-03 +3.3333333333333331e-01 +1.0000000000000002e-02
+5.9249999999999997e-03 +1.3333333333333333e+00 +1.0000000000000002e-02
+5.9500000000000004e-03 +3.3333333333333331e-01 +1.0000000000000002e-02

+5.9500000000000004e-03 +3.3333333333333331e-01 +1.0000000000000002e-02
+5.9750000000000003e-03 +1.3333333333333333e+00 +1.0000000000000002e-02
+6.0000000000000001e-03 +3.3333333333333331e-01 +1.0000000000000002e-02

+6.0000000000000001e-03 +3.3333333333333331e-01 +1.0000000000000002e-02
+6.0250000000000008e-03 +1.3333333333333333e+00 +1.0000000000000002e-02
+6.0500000000000007e-03 +3.3333333333333331e-01 +1.0000000000000002e-02

+6.0500000000000007e-03 +3.3333333333333331e-01 +1.0000000000000002e-02
+6.0750000000000005e-03 +1.3333333333333333e+00 +1.0000000000000002e-02
+6.1000000000000004e-03 +3.3333333333333331e-01 +1.0000000000000002e-02

+6.1000000000000004e-03 +3.3333333333333331e-01 +1.0000000000000002e-02
+6.1250000000000002e-03 +1.3333333333333333e+00 +1.0000000000000002e-02
+6.1500000000000001e-03 +3.3333333333333331e-01 +1.0000000000000002e-02

+6.1500000000000001e-03 +3.3333333333333331e-01 +1.0000000000000002e-02
+6.1749999999999999e-03 +1.3333333333333333e+00 +1.0000000000000002e-02
+6.2000000000000006e-03 +3.3333333333333331e-01 +1.0000000000000002e-02

+6.2000000000000006e-03 +3.3333333333333331e-01 +1.0000000000000002e-02
+6.2250000000000005e-03 +1.3333333333333333e+00 +1.0000000000000002e-02
+6.2500000000000003e-03 +3.3333333333333331e-01 +1.0000000000000002e-02

+6.2500000000000003e-03 +3.3333333333333331e-01 +1.0000000000000002e-02
+6.2750000000000002e-03 +1.3333333333333333e+00 +1.0000000000000002e-02
+6.3000000000000000e-03 +3.3333333333333331e-01 +1.0000000000000002e-02

+6.3000000000000000e-03 +3.3333333333333331e-01 +1.0000000000000002e-02
+6.3250000000000008e-03 +1.3333333333333333e+00 +1.0000000000000002e-02
+6.3500000000000006e-03 +3.3333333333333331e-01 +1.0000000000000002e-02

+6.3500000000000006e-03 +3.3333333333333331e-01 +1.0000000000000002e-02
+6.3750000000000005e-03 +1.3333333333333333e+00 +1.0000000000000002e-02
+6.4000000000000003e-03 +3.3333333333333331e-01 +1.0000000000000002e-02

+6.4000000000000003e-03 +3.3333333333333331e-01 +1.0000000000000002e-02
+6.4250000000000002e-03 +1.3333333333333333e+00 +1.0000000000000002e-02
+6.4500000000000000e-03 +3.3333333333333331e-01 +1.0000000000000002e-02

+6.4500000000000000e-03 +3.3333333333333331e-01 +1.0000000000000002e-02
+6.4749999999999999e-03 +1.3333333333333333e+00 +1.0000000000000002e-02
+6.5000000000000006e-03 +3.3333333333333331e-01 +1.0000000000000002e-02

+6.5000000000000006e-03 +3.3333333333333331e-01 +1.0000000000000002e-02
+6.5250000000000004e-03 +1.3333333333333333e+00 +1.0000000000000002e-02
+6.5500000000000003e-03 +3.3333333333333331e-01 +1.0000000000000002e-02

+6.5500000000000003e-03 +3.3333333333333331e-01 +1.0000000000000002e-02
+6.5750000000000001e-03 +1.3333333333333333e+00 +1.0000000000000002e-02
+6.6000000000000000e-03 +3.3333333333333331e-01 +1.0000000000000002e-02

+6.6000000000000000e-03 +3.3333333333333331e-01 +1.0000000000000002e-02
+6.6250000000000007e-03 +1.3333333333333333e+00 +1.0000000000000002e-02
+6.6500000000000005e-03 +3.3333333333333331e-01 +1.0000000000000002e-02

+6.6500000000000005e-03 +3.3333333333333331e-01 +1.0000000000000002e-02
+6.6750000000000004e-03 +1.3333333333333333e+00 +1.0000000000000002e-02
+6.7000000000000002e-03 +3.3333333333333331e-01 +1.0000000000000002e-02

+6.7000000000000002e-03 +3.3333333333333331e-01 +1.0000000000000002e-02
+6.7250000000000001e-03 +1.3333333333333333e+00 +1.0000000000000002e-02
+6.7499999999999999e-03 +3.3333333333333331e-01 +1.0000000000000002e-02

+6.7499999999999999e-03 +3.3333333333333331e-01 +1.0000000000000002e-02
+6.7749999999999998e-03 +1.3333333333333333e+00 +1.0000000000000002e-02
+6.8000000000000005e-03 +3.3333333333333331e-01 +1.0000000000000002e-02

+6.8000000000000005e-03 +3.3333333333333331e-01 +1.0000000000000002e-02
+6.8250000000000003e-03 +1.3333333333333333e+00 +1.0000000000000002e-02
+6.8500000000000002e-03 +3.3333333333333331e-01 +1.0000000000000002e-02

+6.8500000000000002e-03 +3.3333333333333331e-01 +1.0000000000000002e-02
+6.8750000000000009e-03 +1.3333333333333333e+00 +1.0000000000000002e-02
+6.9000000000000008e-03 +3.3333333333333331e-01 +1.0000000000000002e-02

+6.9000000000000008e-03 +3.3333333333333331e-01 +1.0000000000000002e-02
+6.9250000000000006e-03 +1.3333333333333333e+00 +1.0000000000000002e-02
+6.9500000000000004e-03 +3.3333333333333331e-01 +1.0000000000000002e-02

+6.9500000000000004e-03 +3.3333333333333331e-01 +1.0000000000000002e-02
+6.9750000000000003e-03 +1.3333333333333333e+00 +1.0000000000000002e-02
+7.0000000000000001e-03 +3.3333333333333331e-01 +1.0000000000000002e-02

+7.0000000000000001e-03 +3.3333333333333331e-01 +1.0000000000000002e-02
+7.0250000000000000e-03 +1.3333333333333333e+00 +1.0000000000000002e-02
+7.0500000000000007e-03 +3.3333333333333331e-01 +1.0000000000000002e-02

+7.0500000000000007e-03 +3.3333333333333331e-01 +1.0000000000000002e-02
+7.0750000000000006e-03 +1.3333333333333333e+00 +1.0000000000000002e-02
+7.1000000000000004e-03 +3.3333333333333331e-01 +1.0000000000000002e-02

+7.1000000000000004e-03 +3.3333333333333331e-01 +1.0000000000000002e-02
+7.1250000000000003e-03 +1.3333333333333333e+00 +1.0000000000000002e-02
+7.1500000000000001e-03 +3.3333333333333331e-01 +1.0000000000000002e-02

+7.1500000000000001e-03 +3.3333333333333331e-01 +1.0000000000000002e-02
+7.1750000000000008e-03 +1.3333333333333333e+00 +1.0000000000000002e-02
+7.2000000000000007e-03 +3.3333333333333331e-01 +1.0000000000000002e-02

+7.2000000000000007e-03 +3.3333333333333331e-01 +1.0000000000000002e-02
+7.2250000000000005e-03 +1.3333333333333333e+00 +1.0000000000000002e-02
+7.2500000000000004e-03 +3.3333333333333331e-01 +1.0000000000000002e-02

+7.2500000000000004e-03 +3.3333333333333331e-01 +1.0000000000000002e-02
+7.2750000000000002e-03 +1.3333333333333333e+00 +1.0000000000000002e-02
+7.3000000000000001e-03 +3.3333333333333331e-01 +1.0000000000000002e-02

+7.3000000000000001e-03 +3.3333333333333331e-01 +1.0000000000000002e-02
+7.3249999999999999e-03 +1.3333333333333333e+00 +1.0000000000000002e-02
+7.3500000000000006e-03 +3.3333333333333331e-01 +1.0000000000000002e-02

+7.3500000000000006e-03 +3.3333333333333331e-01 +1.0000000000000002e-02
+7.3750000000000005e-03 +1.3333333333333333e+00 +1.0000000000000002e-02
+7.4000000000000003e-03 +3.3333333333333331e-01 +1.0000000000000002e-02

+7.4000000000000003e-03 +3.3333333333333331e-01 +1.0000000000000002e-02
+7.4250000000000002e-03 +1.3333333333333333e+00 +1.0000000000000002e-02
+7.4500000000000000e-03 +3.3333333333333331e-01 +1.0000000000000002e-02

+7.4500000000000000e-03 +3.3333333333333331e-01 +1.0000000000000002e-02
+7.4750000000000007e-03 +1.3333333333333333e+00 +1.0000000000000002e-02
+7.5000000000000006e-03 +3.3333333333333331e-01 +1.0000000000000002e-02

+7.5000000000000006e-03 +3.3333333333333331e-01 +1.0000000000000002e-02
+7.5250000000000004e-03 +1.3333333333333333e+00 +1.0000000000000002e-02
+7.5500000000000003e-03 +3.3333333333333331e-01 +1.0000000000000002e-02

+7.5500000000000003e-03 +3.3333333333333331e-01 +1.0000000000000002e-02
+7.5750000000000001e-03 +1.3333333333333333e+00 +1.0000000000000002e-02
+7.6000000000000000e-03 +3.3333333333333331e-01 +1.0000000000000002e-02

+7.6000000000000000e-03 +3.3333333333333331e-01 +1.0000000000000002e-02
+7.6249999999999998e-03 +1.3333333333333333e+00 +1.0000000000000002e-02
+7.6500000000000005e-03 +3.3333333333333331e-01 +1.0000000000000002e-02

+7.6500000000000005e-03 +3.3333333333333331e-01 +1.0000000000000002e-02
+7.6750000000000004e-03 +1.3333333333333333e+00 +1.0000000000000002e-02
+7.7000000000000002e-03 +3.3333333333333331e-01 +1.0000000000000002e-02

+7.7000000000000002e-03 +3.3333333333333331e-01 +1.0000000000000002e-02
+7.7250000000000001e-03 +1.3333333333333333e+00 +1.0000000000000002e-02
+7.7499999999999999e-03 +3.3333333333333331e-01 +1.0000000000000002e-02

+7.7499999999999999e-03 +3.3333333333333331e-01 +1.0000000000000002e-02
+7.7750000000000007e-03 +1.3333333333333333e+00 +1.0000000000000002e-02
+7.8000000000000005e-03 +3.3333333333333331e-01 +1.0000000000000002e-02

+7.8000000000000005e-03 +3.3333333333333331e-01 +1.0000000000000002e-02
+7.8250000000000004e-03 +1.3333333333333333e+00 +1.0000000000000002e-02
+7.8500000000000011e-03 +3.3333333333333331e-01 +1.0000000000000002e-02

+7.8500000000000011e-03 +3.3333333333333331e-01 +1.0000000000000002e-02
+7.8750000000000001e-03 +1.3333333333333333e+00 +1.0000000000000002e-02
+7.9000000000000008e-03 +3.3333333333333331e-01 +1.0000000000000002e-02

+7.9000000000000008e-03 +3.3333333333333331e-01 +1.0000000000000002e-02
+7.9250000000000015e-03 +1.3333333333333333e+00 +1.0000000000000002e-02
+7.9500000000000005e-03 +3.3333333333333331e-01 +1.0000000000000002e-02

+7.9500000000000005e-03 +3.3333333333333331e-01 +1.0000000000000002e-02
+7.9749999999999995e-03 +1.3333333333333333e+00 +1.0000000000000002e-02
+8.0000000000000002e-03 +3.3333333333333331e-01 +1.0000000000000002e-02

+8.0000000000000002e-03 +3.3333333333333331e-01 +1.0000000000000002e-02
+8.0250000000000009e-03 +1.3333333333333333e+00 +1.0000000000000002e-02
+8.0499999999999999e-03 +3.3333333333333331e-01 +1.0000000000000002e-02

+8.0499999999999999e-03 +3.3333333333333331e-01 +1.0000000000000002e-02
+8.0749999999999988e-03 +1.3333333333333333e+00 +1.0000000000000002e-02
+8.0999999999999996e-03 +3.3333333333333331e-01 +1.0000000000000002e-02

+8.0999999999999996e-03 +3.3333333333333331e-01 +1.0000000000000002e-02
+8.1250000000000003e-03 +1.3333333333333333e+00 +1.0000000000000002e-02
+8.1500000000000010e-03 +3.3333333333333331e-01 +1.0000000000000002e-02

+8.1500000000000010e-03 +3.3333333333333331e-01 +1.0000000000000002e-02
+8.1750000000000017e-03 +1.3333333333333333e+00 +1.0000000000000002e-02
+8.2000000000000007e-03 +3.3333333333333331e-01 +1.0000000000000002e-02

+8.2000000000000007e-03 +3.3333333333333331e-01 +1.0000000000000002e-02
+8.2249999999999997e-03 +1.3333333333333333e+00 +1.0000000000000002e-02
+8.2500000000000004e-03 +3.3333333333333331e-01 +1.0000000000000002e-02

+8.2500000000000004e-03 +3.3333333333333331e-01 +1.0000000000000002e-02
+8.2750000000000011e-03 +1.3333333333333333e+00 +1.0000000000000002e-02
+8.3000000000000001e-03 +3.3333333333333331e-01 +1.0000000000000002e-02

+8.3000000000000001e-03 +3.3333333333333331e-01 +1.0000000000000002e-02
+8.3249999999999991e-03 +1.3333333333333333e+00 +1.0000000000000002e-02
+8.3499999999999998e-03 +3.3333333333333331e-01 +1.0000000000000002e-02

+8.3499999999999998e-03 +3.3333333333333331e-01 +1.0000000000000002e-02
+8.3750000000000005e-03 +1.3333333333333333e+00 +1.0000000000000002e-02
+8.4000000000000012e-03 +3.3333333333333331e-01 +1.0000000000000002e-02

+8.4000000000000012e-03 +3.3333333333333331e-01 +1.0000000000000002e-02
+8.4250000000000019e-03 +1.3333333333333333e+00 +1.0000000000000002e-02
+8.4500000000000009e-03 +3.3333333333333331e-01 +1.0000000000000002e-02

+8.4500000000000009e-03 +3.3333333333333331e-01 +1.0000000000000002e-02
+8.4749999999999999e-03 +1.3333333333333333e+00 +1.0000000000000002e-02
+8.5000000000000006e-03 +3.3333333333333331e-01 +1.0000000000000002e-02

+8.5000000000000006e-03 +3.3333333333333331e-01 +1.0000000000000002e-02
+8.5250000000000013e-03 +1.3333333333333333e+00 +1.0000000000000002e-02
+8.5500000000000003e-03 +3.3333333333333331e-01 +1.0000000000000002e-02

+8.5500000000000003e-03 +3.3333333333333331e-01 +1.0000000000000002e-02
+8.5749999999999993e-03 +1.3333333333333333e+00 +1.0000000000000002e-02
+8.6000000000000000e-03 +3.3333333333333331e-01 +1.0000000000000002e-02

+8.6000000000000000e-03 +3.3333333333333331e-01 +1.0000000000000002e-02
+8.6250000000000007e-03 +1.3333333333333333e+00 +1.0000000000000002e-02
+8.6499999999999997e-03 +3.3333333333333331e-01 +1.0000000000000002e-02

+8.6499999999999997e-03 +3.3333333333333331e-01 +1.0000000000000002e-02
+8.6750000000000004e-03 +1.3333333333333333e+00 +1.0000000000000002e-02
+8.7000000000000011e-03 +3.3333333333333331e-01 +1.0000000000000002e-02

+8.7000000000000011e-03 +3.3333333333333331e-01 +1.0000000000000002e-02
+8.7250000000000001e-03 +1.3333333333333333e+00 +1.0000000000000002e-02
+8.7500000000000008e-03 +3.3333333333333331e-01 +1.0000000000000002e-02

+8.7500000000000008e-03 +3.3333333333333331e-01 +1.0000000000000002e-02
+8.7750000000000015e-03 +1.3333333333333333e+00 +1.0000000000000002e-02
+8.8000000000000005e-03 +3.3333333333333331e-01 +1.0000000000000002e-02

+8.8000000000000005e-03 +3.3333333333333331e-01 +1.0000000000000002e-02
+8.8249999999999995e-03 +1.3333333333333333e+00 +1.0000000000000002e-02
+8.8500000000000002e-03 +3.3333333333333331e-01 +1.0000000000000002e-02

+8.8500000000000002e-03 +3.3333333333333331e-01 +1.0000000000000002e-02
+8.8750000000000009e-03 +1.3333333333333333e+00 +1.0000000000000002e-02
+8.8999999999999999e-03 +3.3333333333333331e-01 +1.0000000000000002e-02

+8.8999999999999999e-03 +3.3333333333333331e-01 +1.0000000000000002e-02
+8.9249999999999989e-03 +1.3333333333333333e+00 +1.0000000000000002e-02
+8.9499999999999996e-03 +3.3333333333333331e-01 +1.0000000000000002e-02

+8.9499999999999996e-03 +3.3333333333333331e-01 +1.0000000000000002e-02
+8.9750000000000003e-03 +1.3333333333333333e+00 +1.0000000000000002e-02
+9.0000000000000011e-03 +3.3333333333333331e-01 +1.0000000000000002e-02

+9.0000000000000011e-03 +3.3333333333333331e-01 +1.0000000000000002e-02
+9.0250000000000018e-03 +1.3333333333333333e+00 +1.0000000000000002e-02
+9.0500000000000008e-03 +3.3333333333333331e-01 +1.0000000000000002e-02

+9.0500000000000008e-03 +3.3333333333333331e-01 +1.0000000000000002e-02
+9.0749999999999997e-03 +1.3333333333333333e+00 +1.0000000000000002e-02
+9.1000000000000004e-03 +3.3333333333333331e-01 +1.0000000000000002e-02

+9.1000000000000004e-03 +3.3333333333333331e-01 +1.0000000000000002e-02
+9.1250000000000012e-03 +1.3333333333333333e+00 +1.0000000000000002e-02
+9.1500000000000001e-03 +3.3333333333333331e-01 +1.0000000000000002e-02

+9.1500000000000001e-03 +3.3333333333333331e-01 +1.0000000000000002e-02
+9.1749999999999991e-03 +1.3333333333333333e+00 +1.0000000000000002e-02
+9.1999999999999998e-03 +3.3333333333333331e-01 +1.0000000000000002e-02

+9.1999999999999998e-03 +3.3333333333333331e-01 +1.0000000000000002e-02
+9.2250000000000006e-03 +1.3333333333333333e+00 +1.0000000000000002e-02
+9.2500000000000013e-03 +3.3333333333333331e-01 +1.0000000000000002e-02

+9.2500000000000013e-03 +3.3333333333333331e-01 +1.0000000000000002e-02
+9.2750000000000020e-03 +1.3333333333333333e+00 +1.0000000000000002e-02
+9.3000000000000010e-03 +3.3333333333333331e-01 +1.0000000000000002e-02

+9.3000000000000010e-03 +3.3333333333333331e-01 +1.0000000000000002e-02
+9.3250000000000000e-03 +1.3333333333333333e+00 +1.0000000000000002e-02
+9.3500000000000007e-03 +3.3333333333333331e-01 +1.0000000000000002e-02

+9.3500000000000007e-03 +3.3333333333333331e-01 +1.0000000000000002e-02
+9.3750000000000014e-03 +1.3333333333333333e+00 +1.0000000000000002e-02
+9.4000000000000004e-03 +3.3333333333333331e-01 +1.0000000000000002e-02

+9.4000000000000004e-03 +3.3333333333333331e-01 +1.0000000000000002e-02
+9.4249999999999994e-03 +1.3333333333333333e+00 +1.0000000000000002e-02
+9.4500000000000001e-03 +3.3333333333333331e-01 +1.0000000000000002e-02

+9.4500000000000001e-03 +3.3333333333333331e-01 +1.0000000000000002e-02
+9.4750000000000008e-03 +1.3333333333333333e+00 +1.0000000000000002e-02
+9.4999999999999998e-03 +3.3333333333333331e-01 +1.0000000000000002e-02

+9.4999999999999998e-03 +3.3333333333333331e-01 +1.0000000000000002e-02
+9.5250000000000005e-03 +1.3333333333333333e+00 +1.0000000000000002e-02
+9.5500000000000012e-03 +3.3333333333333331e-01 +1.0000000000000002e-02

+9.5500000000000012e-03 +3.3333333333333331e-01 +1.0000000000000002e-02
+9.5750000000000002e-03 +1.3333333333333333e+00 +1.0000000000000002e-02
+9.6000000000000009e-03 +3.3333333333333331e-01 +1.0000000000000002e-02

+9.6000000000000009e-03 +3.3333333333333331e-01 +1.0000000000000002e-02
+9.6250000000000016e-03 +1.3333333333333333e+00 +1.0000000000000002e-02
+9.6500000000000006e-03 +3.3333333333333331e-01 +1.0000000000000002e-02

+9.6500000000000006e-03 +3.3333333333333331e-01 +1.0000000000000002e-02
+9.6749999999999996e-03 +1.3333333333333333e+00 +1.0000000000000002e-02
+9.7000000000000003e-03 +3.3333333333333331e-01 +1.0000000000000002e-02

+9.7000000000000003e-03 +3.3333333333333331e-01 +1.0000000000000002e-02
+9.7250000000000010e-03 +1.3333333333333333e+00 +1.0000000000000002e-02
+9.7500000000000000e-03 +3.3333333333333331e-01 +1.0000000000000002e-02

+9.7500000000000000e-03 +3.3333333333333331e-01 +1.0000000000000002e-02
+9.7749999999999990e-03 +1.3333333333333333e+00 +1.0000000000000002e-02
+9.7999999999999997e-03 +3.3333333333333331e-01 +1.0000000000000002e-02

+9.7999999999999997e-03 +3.3333333333333331e-01 +1.0000000000000002e-02
+9.8250000000000004e-03 +1.3333333333333333e+00 +1.0000000000000002e-02
+9.8500000000000011e-03 +3.3333333333333331e-01 +1.0000000000000002e-02

+9.8500000000000011e-03 +3.3333333333333331e-01 +1.0000000000000002e-02
+9.8750000000000018e-03 +1.3333333333333333e+00 +1.0000000000000002e-02
+9.9000000000000008e-03 +3.3333333333333331e-01 +1.0000000000000002e-02

+9.9000000000000008e-03 +3.3333333333333331e-01 +1.0000000000000002e-02
+9.9249999999999998e-03 +1.3333333333333333e+00 +1.0000000000000002e-02
+9.9500000000000005e-03 +3.3333333333333331e-01 +1.0000000000000002e-02

+9.9500000000000005e-03 +3.3333333333333331e-01 +1.0000000000000002e-02
+9.9750000000000012e-03 +1.3333333333333333e+00 +1.0000000000000002e-02
+1.0000000000000000e-02 +3.3333333333333331e-01 +1.0000000000000002e-02

+1.0000000000000000e-02 +3.3333333333333331e-01 +1.0000000000000002e-02
+1.0024999999999999e-02 +1.3333333333333333e+00 +1.0000000000000002e-02
+1.0050000000000000e-02 +3.3333333333333331e-01 +1.0000000000000002e-02

+1.0050000000000000e-02 +3.3333333333333331e-01 +1.0000000000000002e-02
+1.0075000000000001e-02 +1.3333333333333333e+00 +1.0000000000000002e-02
+1.0100000000000001e-02 +3.3333333333333331e-01 +1.0000000000000002e-02

+1.0100000000000001e-02 +3.3333333333333331e-01 +1.0000000000000002e-02
+1.0125000000000002e-02 +1.3333333333333333e+00 +1.0000000000000002e-02
+1.0150000000000001e-02 +3.3333333333333331e-01 +1.0000000000000002e-02

+1.0150000000000001e-02 +3.3333333333333331e-01 +1.0000000000000002e-02
+1.0175000000000000e-02 +1.3333333333333333e+00 +1.0000000000000002e-02
+1.0200000000000001e-02 +3.3333333333333331e-01 +1.0000000000000002e-02

+1.0200000000000001e-02 +3.3333333333333331e-01 +1.0000000000000002e-02
+1.0225000000000001e-02 +1.3333333333333333e+00 +1.0000000000000002e-02
+1.0250000000000000e-02 +3.3333333333333331e-01 +1.0000000000000002e-02

+1.0250000000000000e-02 +3.3333333333333331e-01 +1.0000000000000002e-02
+1.0274999999999999e-02 +1.3333333333333333e+00 +1.0000000000000002e-02
+1.0300000000000000e-02 +3.3333333333333331e-01 +1.0000000000000002e-02

+1.0300000000000000e-02 +3.3333333333333331e-01 +1.0000000000000002e-02
+1.0325000000000001e-02 +1.3333333333333333e+00 +1.0000000000000002e-02
+1.0350000000000000e-02 +3.3333333333333331e-01 +1.0000000000000002e-02

+1.0350000000000000e-02 +3.3333333333333331e-01 +1.0000000000000002e-02
+1.0375000000000001e-02 +1.3333333333333333e+00 +1.0000000000000002e-02
+1.0400000000000001e-02 +3.3333333333333331e-01 +1.0000000000000002e-02

+1.0400000000000001e-02 +3.3333333333333331e-01 +1.0000000000000002e-02
+1.0425000000000000e-02 +1.3333333333333333e+00 +1.0000000000000002e-02
+1.0450000000000001e-02 +3.3333333333333331e-01 +1.0000000000000002e-02

+1.0450000000000001e-02 +3.3333333333333331e-01 +1.0000000000000002e-02
+1.0475000000000002e-02 +1.3333333333333333e+00 +1.0000000000000002e-02
+1.0500000000000001e-02 +3.3333333333333331e-01 +1.0000000000000002e-02

+1.0500000000000001e-02 +3.3333333333333331e-01 +1.0000000000000002e-02
+1.0525000000000000e-02 +1.3333333333333333e+00 +1.0000000000000002e-02
+1.0550000000000000e-02 +3.3333333333333331e-01 +1.0000000000000002e-02

+1.0550000000000000e-02 +3.3333333333333331e-01 +1.0000000000000002e-02
+1.0575000000000001e-02 +1.3333333333333333e+00 +1.0000000000000002e-02
+1.0600000000000000e-02 +3.3333333333333331e-01 +1.0000000000000002e-02

+1.0600000000000000e-02 +3.3333333333333331e-01 +1.0000000000000002e-02
+1.0624999999999999e-02 +1.3333333333333333e+00 +1.0000000000000002e-02
+1.0650000000000000e-02 +3.3333333333333331e-01 +1.0000000000000002e-02

+1.0650000000000000e-02 +3.3333333333333331e-01 +1.0000000000000002e-02
+1.0675000000000000e-02 +1.3333333333333333e+00 +1.0000000000000002e-02
+1.0700000000000001e-02 +3.3333333333333331e-01 +1.0000000000000002e-02

+1.0700000000000001e-02 +3.3333333333333331e-01 +1.0000000000000002e-02
+1.0725000000000002e-02 +1.3333333333333333e+00 +1.0000000000000002e-02
+1.0750000000000001e-02 +3.3333333333333331e-01 +1.0000000000000002e-02

+1.0750000000000001e-02 +3.3333333333333331e-01 +1.0000000000000002e-02
+1.0775000000000000e-02 +1.3333333333333333e+00 +1.0000000000000002e-02
+1.0800000000000001e-02 +3.3333333333333331e-01 +1.0000000000000002e-02

+1.0800000000000001e-02 +3.3333333333333331e-01 +1.0000000000000002e-02
+1.0825000000000001e-02 +1.3333333333333333e+00 +1.0000000000000002e-02
+1.0850000000000000e-02 +3.3333333333333331e-01 +1.0000000000000002e-02

+1.0850000000000000e-02 +3.3333333333333331e-01 +1.0000000000000002e-02
+1.0874999999999999e-02 +1.3333333333333333e+00 +1.0000000000000002e-02
+1.0900000000000000e-02 +3.3333333333333331e-01 +1.0000000000000002e-02

+1.0900000000000000e-02 +3.3333333333333331e-01 +1.0000000000000002e-02
+1.0925000000000001e-02 +1.3333333333333333e+00 +1.0000000000000002e-02
+1.0950000000000000e-02 +3.3333333333333331e-01 +1.0000000000000002e-02

+1.0950000000000000e-02 +3.3333333333333331e-01 +1.0000000000000002e-02
+1.0975000000000000e-02 +1.3333333333333333e+00 +1.0000000000000002e-02
+1.1000000000000001e-02 +3.3333333333333331e-01 +1.0000000000000002e-02

+1.1000000000000001e-02 +3.3333333333333331e-01 +1.0000000000000002e-02
+1.1025000000000000e-02 +1.3333333333333333e+00 +1.0000000000000002e-02
+1.1050000000000001e-02 +3.3333333333333331e-01 +1.0000000000000002e-02

+1.1050000000000001e-02 +3.3333333333333331e-01 +1.0000000000000002e-02
+1.1075000000000002e-02 +1.3333333333333333e+00 +1.0000000000000002e-02
+1.1100000000000000e-02 +3.3333333333333331e-01 +1.0000000000000002e-02

+1.1100000000000000e-02 +3.3333333333333331e-01 +1.0000000000000002e-02
+1.1124999999999999e-02 +1.3333333333333333e+00 +1.0000000000000002e-02
+1.1150000000000000e-02 +3.3333333333333331e-01 +1.0000000000000002e-02

+1.1150000000000000e-02 +3.3333333333333331e-01 +1.0000000000000002e-02
+1.1175000000000001e-02 +1.3333333333333333e+00 +1.0000000000000002e-02
+1.1200000000000000e-02 +3.3333333333333331e-01 +1.0000000000000002e-02

+1.1200000000000000e-02 +3.3333333333333331e-01 +1.0000000000000002e-02
+1.1225000000000001e-02 +1.3333333333333333e+00 +1.0000000000000002e-02
+1.1250000000000001e-02 +3.3333333333333331e-01 +1.0000000000000002e-02

+1.1250000000000001e-02 +3.3333333333333331e-01 +1.0000000000000002e-02
+1.1275000000000000e-02 +1.3333333333333333e+00 +1.0000000000000002e-02
+1.1300000000000001e-02 +3.3333333333333331e-01 +1.0000000000000002e-02

+1.1300000000000001e-02 +3.3333333333333331e-01 +1.0000000000000002e-02
+1.1325000000000002e-02 +1.3333333333333333e+00 +1.0000000000000002e-02
+1.1350000000000001e-02 +3.3333333333333331e-01 +1.0000000000000002e-02

+1.1350000000000001e-02 +3.3333333333333331e-01 +1.0000000000000002e-02
+1.1375000000000000e-02 +1.3333333333333333e+00 +1.0000000000000002e-02
+1.1400000000000000e-02 +3.3333333333333331e-01 +1.0000000000000002e-02

+1.1400000000000000e-02 +3.3333333333333331e-01 +1.0000000000000002e-02
+1.1425000000000001e-02 +1.3333333333333333e+00 +1.0000000000000002e-02
+1.1450000000000000e-02 +3.3333333333333331e-01 +1.0000000000000002e-02

+1.1450000000000000e-02 +3.3333333333333331e-01 +1.0000000000000002e-02
+1.1474999999999999e-02 +1.3333333333333333e+00 +1.0000000000000002e-02
+1.1500000000000000e-02 +3.3333333333333331e-01 +1.0000000000000002e-02

+1.1500000000000000e-02 +3.3333333333333331e-01 +1.0000000000000002e-02
+1.1525000000000001e-02 +1.3333333333333333e+00 +1.0000000000000002e-02
+1.1550000000000001e-02 +3.3333333333333331e-01 +1.0000000000000002e-02

+1.1550000000000001e-02 +3.3333333333333331e-01 +1.0000000000000002e-02
+1.1575000000000002e-02 +1.3333333333333333e+00 +1.0000000000000002e-02
+1.1600000000000001e-02 +3.3333333333333331e-01 +1.0000000000000002e-02

+1.1600000000000001e-02 +3.3333333333333331e-01 +1.0000000000000002e-02
+1.1625000000000000e-02 +1.3333333333333333e+00 +1.0000000000000002e-02
+1.1650000000000001e-02 +3.3333333333333331e-01 +1.0000000000000002e-02

+1.1650000000000001e-02 +3.3333333333333331e-01 +1.0000000000000002e-02
+1.1675000000000001e-02 +1.3333333333333333e+00 +1.0000000000000002e-02
+1.1700000000000000e-02 +3.3333333333333331e-01 +1.0000000000000002e-02

+1.1700000000000000e-02 +3.3333333333333331e-01 +1.0000000000000002e-02
+1.1724999999999999e-02 +1.3333333333333333e+00 +1.0000000000000002e-02
+1.1750000000000000e-02 +3.3333333333333331e-01 +1.0000000000000002e-02

+1.1750000000000000e-02 +3.3333333333333331e-01 +1.0000000000000002e-02
+1.1775000000000001e-02 +1.3333333333333333e+00 +1.0000000000000002e-02
+1.1800000000000000e-02 +3.3333333333333331e-01 +1.0000000000000002e-02

+1.1800000000000000e-02 +3.3333333333333331e-01 +1.0000000000000002e-02
+1.1825000000000000e-02 +1.3333333333333333e+00 +1.0000000000000002e-02
+1.1850000000000001e-02 +3.3333333333333331e-01 +1.0000000000000002e-02

+1.1850000000000001e-02 +3.3333333333333331e-01 +1.0000000000000002e-02
+1.1875000000000000e-02 +1.3333333333333333e+00 +1.0000000000000002e-02
+1.1900000000000001e-02 +3.3333333333333331e-01 +1.0000000000000002e-02

+1.1900000000000001e-02 +3.3333333333333331e-01 +1.0000000000000002e-02
+1.1925000000000002e-02 +1.3333333333333333e+00 +1.0000000000000002e-02
+1.1950000000000001e-02 +3.3333333333333331e-01 +1.0000000000000002e-02

+1.1950000000000001e-02 +3.3333333333333331e-01 +1.0000000000000002e-02
+1.1975000000000000e-02 +1.3333333333333333e+00 +1.0000000000000002e-02
+1.2000000000000000e-02 +3.3333333333333331e-01 +1.0000000000000002e-02

+1.2000000000000000e-02 +3.3333333333333331e-01 +1.0000000000000002e-02
+1.2025000000000001e-02 +1.3333333333333333e+00 +1.0000000000000002e-02
+1.2050000000000000e-02 +3.3333333333333331e-01 +1.0000000000000002e-02

+1.2050000000000000e-02 +3.3333333333333331e-01 +1.0000000000000002e-02
+1.2075000000000001e-02 +1.3333333333333333e+00 +1.0000000000000002e-02
+1.2100000000000001e-02 +3.3333333333333331e-01 +1.0000000000000002e-02

+1.2100000000000001e-02 +3.3333333333333331e-01 +1.0000000000000002e-02
+1.2125000000000000e-02 +1.3333333333333333e+00 +1.0000000000000002e-02
+1.2150000000000001e-02 +3.3333333333333331e-01 +1.0000000000000002e-02

+1.2150000000000001e-02 +3.3333333333333331e-01 +1.0000000000000002e-02
+1.2175000000000002e-02 +1.3333333333333333e+00 +1.0000000000000002e-02
+1.2200000000000001e-02 +3.3333333333333331e-01 +1.0000000000000002e-02

+1.2200000000000001e-02 +3.3333333333333331e-01 +1.0000000000000002e-02
+1.2225000000000000e-02 +1.3333333333333333e+00 +1.0000000000000002e-02
+1.2250000000000000e-02 +3.3333333333333331e-01 +1.0000000000000002e-02

+1.2250000000000000e-02 +3.3333333333333331e-01 +1.0000000000000002e-02
+1.2275000000000001e-02 +1.3333333333333333e+00 +1.0000000000000002e-02
+1.2300000000000000e-02 +3.3333333333333331e-01 +1.0000000000000002e-02

+1.2300000000000000e-02 +3.3333333333333331e-01 +1.0000000000000002e-02
+1.2324999999999999e-02 +1.3333333333333333e+00 +1.0000000000000002e-02
+1.2350000000000000e-02 +3.3333333333333331e-01 +1.0000000000000002e-02

+1.2350000000000000e-02 +3.3333333333333331e-01 +1.0000000000000002e-02
+1.2375000000000001e-02 +1.3333333333333333e+00 +1.0000000000000002e-02
+1.2400000000000001e-02 +3.3333333333333331e-01 +1.0000000000000002e-02

+1.2400000000000001e-02 +3.3333333333333331e-01 +1.0000000000000002e-02
+1.2425000000000002e-02 +1.3333333333333333e+00 +1.0000000000000002e-02
+1.2450000000000001e-02 +3.3333333333333331e-01 +1.0000000000000002e-02

+1.2450000000000001e-02 +3.3333333333333331e-01 +1.0000000000000002e-02
+1.2475000000000000e-02 +1.3333333333333333e+00 +1.0000000000000002e-02
+1.2500000000000001e-02 +3.3333333333333331e-01 +1.0000000000000002e-02

+1.2500000000000001e-02 +3.3333333333333331e-01 +1.0000000000000002e-02
+1.2525000000000001e-02 +1.3333333333333333e+00 +1.0000000000000002e-02
+1.2550000000000000e-02 +3.3333333333333331e-01 +1.0000000000000002e-02

+1.2550000000000000e-02 +3.3333333333333331e-01 +1.0000000000000002e-02
+1.2574999999999999e-02 +1.3333333333333333e+00 +1.0000000000000002e-02
+1.2600000000000000e-02 +3.3333333333333331e-01 +1.0000000000000002e-02

+1.2600000000000000e-02 +3.3333333333333331e-01 +1.0000000000000002e-02
+1.2625000000000001e-02 +1.3333333333333333e+00 +1.0000000000000002e-02
+1.2650000000000000e-02 +3.3333333333333331e-01 +1.0000000000000002e-02

+1.2650000000000000e-02 +3.3333333333333331e-01 +1.0000000000000002e-02
+1.2675000000000001e-02 +1.3333333333333333e+00 +1.0000000000000002e-02
+1.2700000000000001e-02 +3.3333333333333331e-01 +1.0000000000000002e-02

+1.2700000000000001e-02 +3.3333333333333331e-01 +1.0000000000000002e-02
+1.2725000000000000e-02 +1.3333333333333333e+00 +1.0000000000000002e-02
+1.2750000000000001e-02 +3.3333333333333331e-01 +1.0000000000000002e-02

+1.2750000000000001e-02 +3.3333333333333331e-01 +1.0000000000000002e-02
+1.2775000000000002e-02 +1.3333333333333333e+00 +1.0000000000000002e-02
+1.2800000000000001e-02 +3.3333333333333331e-01 +1.0000000000000002e-02

+1.2800000000000001e-02 +3.3333333333333331e-01 +1.0000000000000002e-02
+1.2825000000000000e-02 +1.3333333333333333e+00 +1.0000000000000002e-02
+1.2850000000000000e-02 +3.3333333333333331e-01 +1.0000000000000002e-02

+1.2850000000000000e-02 +3.3333333333333331e-01 +1.0000000000000002e-02
+1.2875000000000001e-02 +1.3333333333333333e+00 +1.0000000000000002e-02
+1.2900000000000000e-02 +3.3333333333333331e-01 +1.0000000000000002e-02

+1.2900000000000000e-02 +3.3333333333333331e-01 +1.0000000000000002e-02
+1.2925000000000001e-02 +1.3333333333333333e+00 +1.0000000000000002e-02
+1.2950000000000001e-02 +3.3333333333333331e-01 +1.0000000000000002e-02

+1.2950000000000001e-02 +3.3333333333333331e-01 +1.0000000000000002e-02
+1.2975000000000000e-02 +1.3333333333333333e+00 +1.0000000000000002e-02
+1.3000000000000001e-02 +3.3333333333333331e-01 +1.0000000000000002e-02

+1.3000000000000001e-02 +3.3333333333333331e-01 +1.0000000000000002e-02
+1.3025000000000002e-02 +1.3333333333333333e+00 +1.0000000000000002e-02
+1.3050000000000001e-02 +3.3333333333333331e-01 +1.0000000000000002e-02

+1.3050000000000001e-02 +3.3333333333333331e-01 +1.0000000000000002e-02
+1.3075000000000000e-02 +1.3333333333333333e+00 +1.0000000000000002e-02
+1.3100000000000001e-02 +3.3333333333333331e-01 +1.0000000000000002e-02

+1.3100000000000001e-02 +3.3333333333333331e-01 +1.0000000000000002e-02
+1.3125000000000001e-02 +1.3333333333333333e+00 +1.0000000000000002e-02
+1.3150000000000000e-02 +3.3333333333333331e-01 +1.0000000000000002e-02

+1.3150000000000000e-02 +3.3333333333333331e-01 +1.0000000000000002e-02
+1.3174999999999999e-02 +1.3333333333333333e+00 +1.0000000000000002e-02
+1.3200000000000000e-02 +3.3333333333333331e-01 +1.0000000000000002e-02

+1.3200000000000000e-02 +3.3333333333333331e-01 +1.0000000000000002e-02
+1.3225000000000001e-02 +1.3333333333333333e+00 +1.0000000000000002e-02
+1.3250000000000001e-02 +3.3333333333333331e-01 +1.0000000000000002e-02

+1.3250000000000001e-02 +3.3333333333333331e-01 +1.0000000000000002e-02
+1.3275000000000002e-02 +1.3333333333333333e+00 +1.0000000000000002e-02
+1.3300000000000001e-02 +3.3333333333333331e-01 +1.0000000000000002e-02

+1.3300000000000001e-02 +3.3333333333333331e-01 +1.0000000000000002e-02
+1.3325000000000000e-02 +1.3333333333333333e+00 +1.0000000000000002e-02
+1.3350000000000001e-02 +3.3333333333333331e-01 +1.0000000000000002e-02

+1.3350000000000001e-02 +3.3333333333333331e-01 +1.0000000000000002e-02
+1.3375000000000001e-02 +1.3333333333333333e+00 +1.0000000000000002e-02
+1.3400000000000000e-02 +3.3333333333333331e-01 +1.0000000000000002e-02

+1.3400000000000000e-02 +3.3333333333333331e-01 +1.0000000000000002e-02
+1.3424999999999999e-02 +1.3333333333333333e+00 +1.0000000000000002e-02
+1.3450000000000000e-02 +3.3333333333333331e-01 +1.0000000000000002e-02

+1.3450000000000000e-02 +3.3333333333333331e-01 +1.0000000000000002e-02
+1.3475000000000001e-02 +1.3333333333333333e+00 +1.0000000000000002e-02
+1.3500000000000000e-02 +3.3333333333333331e-01 +1.0000000000000002e-02

+1.3500000000000000e-02 +3.3333333333333331e-01 +1.0000000000000002e-02
+1.3525000000000001e-02 +1.3333333333333333e+00 +1.0000000000000002e-02
+1.3550000000000001e-02 +3.3333333333333331e-01 +1.0000000000000002e-02

+1.3550000000000001e-02 +3.3333333333333331e-01 +1.0000000000000002e-02
+1.3575000000000000e-02 +1.3333333333333333e+00 +1.0000000000000002e-02
+1.3600000000000001e-02 +3.3333333333333331e-01 +1.0000000000000002e-02

+1.3600000000000001e-02 +3.3333333333333331e-01 +1.0000000000000002e-02
+1.3625000000000002e-02 +1.3333333333333333e+00 +1.0000000000000002e-02
+1.3650000000000001e-02 +3.3333333333333331e-01 +1.0000000000000002e-02

+1.3650000000000001e-02 +3.3333333333333331e-01 +1.0000000000000002e-02
+1.3675000000000000e-02 +1.3333333333333333e+00 +1.0000000000000002e-02
+1.3700000000000000e-02 +3.3333333333333331e-01 +1.0000000000000002e-02

+1.3700000000000000e-02 +3.3333333333333331e-01 +1.0000000000000002e-02
+1.3725000000000001e-02 +1.3333333333333333e+00 +1.0000000000000002e-02
+1.3750000000000000e-02 +3.3333333333333331e-01 +1.0000000000000002e-02

+1.3750000000000000e-02 +3.3333333333333331e-01 +1.0000000000000002e-02
+1.3775000000000001e-02 +1.3333333333333333e+00 +1.0000000000000002e-02
+1.3800000000000002e-02 +3.3333333333333331e-01 +1.0000000000000002e-02

+1.3800000000000002e-02 +3.3333333333333331e-01 +1.0000000000000002e-02
+1.3825000000000000e-02 +1.3333333333333333e+00 +1.0000000000000002e-02
+1.3850000000000001e-02 +3.3333333333333331e-01 +1.0000000000000002e-02

+1.3850000000000001e-02 +3.3333333333333331e-01 +1.0000000000000002e-02
+1.3875000000000002e-02 +1.3333333333333333e+00 +1.0000000000000002e-02
+1.3900000000000001e-02 +3.3333333333333331e-01 +1.0000000000000002e-02

+1.3900000000000001e-02 +3.3333333333333331e-01 +1.0000000000000002e-02
+1.3925000000000000e-02 +1.3333333333333333e+00 +1.0000000000000002e-02
+1.3950000000000001e-02 +3.3333333333333331e-01 +1.0000000000000002e-02

+1.3950000000000001e-02 +3.3333333333333331e-01 +1.0000000000000002e-02
+1.3975000000000001e-02 +1.3333333333333333e+00 +1.0000000000000002e-02
+1.4000000000000000e-02 +3.3333333333333331e-01 +1.0000000000000002e-02

+1.4000000000000000e-02 +3.3333333333333331e-01 +1.0000000000000002e-02
+1.4024999999999999e-02 +1.3333333333333333e+00 +1.0000000000000002e-02
+1.4050000000000000e-02 +3.3333333333333331e-01 +1.0000000000000002e-02

+1.4050000000000000e-02 +3.3333333333333331e-01 +1.0000000000000002e-02
+1.4075000000000001e-02 +1.3333333333333333e+00 +1.0000000000000002e-02
+1.4100000000000001e-02 +3.3333333333333331e-01 +1.0000000000000002e-02

+1.4100000000000001e-02 +3.3333333333333331e-01 +1.0000000000000002e-02
+1.4125000000000002e-02 +1.3333333333333333e+00 +1.0000000000000002e-02
+1.4150000000000001e-02 +3.3333333333333331e-01 +1.0000000000000002e-02

+1.4150000000000001e-02 +3.3333333333333331e-01 +1.0000000000000002e-02
+1.4175000000000000e-02 +1.3333333333333333e+00 +1.0000000000000002e-02
+1.4200000000000001e-02 +3.3333333333333331e-01 +1.0000000000000002e-02

+1.4200000000000001e-02 +3.3333333333333331e-01 +1.0000000000000002e-02
+1.4225000000000002e-02 +1.3333333333333333e+00 +1.0000000000000002e-02
+1.4250000000000001e-02 +3.3333333333333331e-01 +1.0000000000000002e-02

+1.4250000000000001e-02 +3.3333333333333331e-01 +1.0000000000000002e-02
+1.4274999999999999e-02 +1.3333333333333333e+00 +1.0000000000000002e-02
+1.4300000000000000e-02 +3.3333333333333331e-01 +1.0000000000000002e-02

+1.4300000000000000e-02 +3.3333333333333331e-01 +1.0000000000000002e-02
+1.4325000000000001e-02 +1.3333333333333333e+00 +1.0000000000000002e-02
+1.4350000000000000e-02 +3.3333333333333331e-01 +1.0000000000000002e-02

+1.4350000000000000e-02 +3.3333333333333331e-01 +1.0000000000000002e-02
+1.4375000000000001e-02 +1.3333333333333333e+00 +1.0000000000000002e-02
+1.4400000000000001e-02 +3.3333333333333331e-01 +1.0000000000000002e-02

+1.4400000000000001e-02 +3.3333333333333331e-01 +1.0000000000000002e-02
+1.4425000000000000e-02 +1.3333333333333333e+00 +1.0000000000000002e-02
+1.4450000000000001e-02 +3.3333333333333331e-01 +1.0000000000000002e-02

+1.4450000000000001e-02 +3.3333333333333331e-01 +1.0000000000000002e-02
+1.4475000000000002e-02 +1.3333333333333333e+00 +1.0000000000000002e-02
+1.4500000000000001e-02 +3.3333333333333331e-01 +1.0000000000000002e-02

+1.4500000000000001e-02 +3.3333333333333331e-01 +1.0000000000000002e-02
+1.4525000000000000e-02 +1.3333333333333333e+00 +1.0000000000000002e-02
+1.4550000000000000e-02 +3.3333333333333331e-01 +1.0000000000000002e-02

+1.4550000000000000e-02 +3.3333333333333331e-01 +1.0000000000000002e-02
+1.4575000000000001e-02 +1.3333333333333333e+00 +1.0000000000000002e-02
+1.4600000000000000e-02 +3.3333333333333331e-01 +1.0000000000000002e-02

+1.4600000000000000e-02 +3.3333333333333331e-01 +1.0000000000000002e-02
+1.4625000000000001e-02 +1.3333333333333333e+00 +1.0000000000000002e-02
+1.4650000000000002e-02 +3.3333333333333331e-01 +1.0000000000000002e-02

+1.4650000000000002e-02 +3.3333333333333331e-01 +1.0000000000000002e-02
+1.4675000000000001e-02 +1.3333333333333333e+00 +1.0000000000000002e-02
+1.4700000000000001e-02 +3.3333333333333331e-01 +1.0000000000000002e-02

+1.4700000000000001e-02 +3.3333333333333331e-01 +1.0000000000000002e-02
+1.4725000000000002e-02 +1.3333333333333333e+00 +1.0000000000000002e-02
+1.4750000000000001e-02 +3.3333333333333331e-01 +1.0000000000000002e-02

+1.4750000000000001e-02 +3.3333333333333331e-01 +1.0000000000000002e-02
+1.4775000000000000e-02 +1.3333333333333333e+00 +1.0000000000000002e-02
+1.4800000000000001e-02 +3.3333333333333331e-01 +1.0000000000000002e-02

+1.4800000000000001e-02 +3.3333333333333331e-01 +1.0000000000000002e-02
+1.4825000000000001e-02 +1.3333333333333333e+00 +1.0000000000000002e-02
+1.4850000000000000e-02 +3.3333333333333331e-01 +1.0000000000000002e-02

+1.4850000000000000e-02 +3.3333333333333331e-01 +1.0000000000000002e-02
+1.4874999999999999e-02 +1.3333333333333333e+00 +1.0000000000000002e-02
+1.4900000000000000e-02 +3.3333333333333331e-01 +1.0000000000000002e-02

+1.4900000000000000e-02 +3.3333333333333331e-01 +1.0000000000000002e-02
+1.4925000000000001e-02 +1.3333333333333333e+00 +1.0000000000000002e-02
+1.4950000000000001e-02 +3.3333333333333331e-01 +1.0000000000000002e-02

+1.4950000000000001e-02 +3.3333333333333331e-01 +1.0000000000000002e-02
+1.4975000000000002e-02 +1.3333333333333333e+00 +1.0000000000000002e-02
+1.5000000000000001e-02 +3.3333333333333331e-01 +1.0000000000000002e-02

+1.5000000000000001e-02 +3.3333333333333331e-01 +1.0000000000000002e-02
+1.5025000000000000e-02 +1.3333333333333333e+00 +1.0000000000000002e-02
+1.5050000000000001e-02 +3.3333333333333331e-01 +1.0000000000000002e-02

+1.5050000000000001e-02 +3.3333333333333331e-01 +1.0000000000000002e-02
+1.5075000000000002e-02 +1.3333333333333333e+00 +1.0000000000000002e-02
+1.5100000000000001e-02 +3.3333333333333331e-01 +1.0000000000000002e-02

+1.5100000000000001e-02 +3.3333333333333331e-01 +1.0000000000000002e-02
+1.5125000000000000e-02 +1.3333333333333333e+00 +1.0000000000000002e-02
+1.5150000000000000e-02 +3.3333333333333331e-01 +1.0000000000000002e-02

+1.5150000000000000e-02 +3.3333333333333331e-01 +1.0000000000000002e-02
+1.5175000000000001e-02 +1.3333333333333333e+00 +1.0000000000000002e-02
+1.5200000000000000e-02 +3.3333333333333331e-01 +1.0000000000000002e-02

+1.5200000000000000e-02 +3.3333333333333331e-01 +1.0000000000000002e-02
+1.5225000000000001e-02 +1.3333333333333333e+00 +1.0000000000000002e-02
+1.5250000000000001e-02 +3.3333333333333331e-01 +1.0000000000000002e-02

+1.5250000000000001e-02 +3.3333333333333331e-01 +1.0000000000000002e-02
+1.5275000000000000e-02 +1.3333333333333333e+00 +1.0000000000000002e-02
+1.5300000000000001e-02 +3.3333333333333331e-01 +1.0000000000000002e-02

+1.5300000000000001e-02 +3.3333333333333331e-01 +1.0000000000000002e-02
+1.5325000000000002e-02 +1.3333333333333333e+00 +1.0000000000000002e-02
+1.5350000000000001e-02 +3.3333333333333331e-01 +1.0000000000000002e-02

+1.5350000000000001e-02 +3.3333333333333331e-01 +1.0000000000000002e-02
+1.5375000000000000e-02 +1.3333333333333333e+00 +1.0000000000000002e-02
+1.5400000000000000e-02 +3.3333333333333331e-01 +1.0000000000000002e-02

+1.5400000000000000e-02 +3.3333333333333331e-01 +1.0000000000000002e-02
+1.5425000000000001e-02 +1.3333333333333333e+00 +1.0000000000000002e-02
+1.5450000000000000e-02 +3.3333333333333331e-01 +1.0000000000000002e-02

+1.5450000000000000e-02 +3.3333333333333331e-01 +1.0000000000000002e-02
+1.5474999999999999e-02 +1.3333333333333333e+00 +1.0000000000000002e-02
+1.5500000000000000e-02 +3.3333333333333331e-01 +1.0000000000000002e-02

+1.5500000000000000e-02 +3.3333333333333331e-01 +1.0000000000000002e-02
+1.5525000000000001e-02 +1.3333333333333333e+00 +1.0000000000000002e-02
+1.5550000000000001e-02 +3.3333333333333331e-01 +1.0000000000000002e-02

+1.5550000000000001e-02 +3.3333333333333331e-01 +1.0000000000000002e-02
+1.5575000000000002e-02 +1.3333333333333333e+00 +1.0000000000000002e-02
+1.5600000000000001e-02 +3.3333333333333331e-01 +1.0000000000000002e-02

+1.5600000000000001e-02 +3.3333333333333331e-01 +1.0000000000000002e-02
+1.5625000000000000e-02 +1.3333333333333333e+00 +1.0000000000000002e-02
+1.5650000000000001e-02 +3.3333333333333331e-01 +1.0000000000000002e-02

+1.5650000000000001e-02 +3.3333333333333331e-01 +1.0000000000000002e-02
+1.5675000000000001e-02 +1.3333333333333333e+00 +1.0000000000000002e-02
+1.5700000000000002e-02 +3.3333333333333331e-01 +1.0000000000000002e-02

+1.5700000000000002e-02 +3.3333333333333331e-01 +1.0000000000000011e-02
+1.5725000000000003e-02 +1.3333333333333333e+00 +1.0000000000000011e-02
+1.5750000000000000e-02 +3.3333333333333331e-01 +1.0000000000000011e-02

+1.5750000000000000e-02 +3.3333333333333331e-01 +1.0000000000000002e-02
+1.5775000000000001e-02 +1.3333333333333333e+00 +1.0000000000000002e-02
+1.5800000000000002e-02 +3.3333333333333331e-01 +1.0000000000000002e-02

+1.5800000000000002e-02 +3.3333333333333331e-01 +1.0000000000000011e-02
+1.5824999999999999e-02 +1.3333333333333333e+00 +1.0000000000000011e-02
+1.5850000000000000e-02 +3.3333333333333331e-01 +1.0000000000000011e-02

+1.5850000000000000e-02 +3.3333333333333331e-01 +1.0000000000000002e-02
+1.5875000000000000e-02 +1.3333333333333333e+00 +1.0000000000000002e-02
+1.5900000000000001e-02 +3.3333333333333331e-01 +1.0000000000000002e-02

+1.5900000000000001e-02 +3.3333333333333331e-01 +1.0000000000000002e-02
+1.5925000000000002e-02 +1.3333333333333333e+00 +1.0000000000000002e-02
+1.5950000000000002e-02 +3.3333333333333331e-01 +1.0000000000000002e-02

+1.5950000000000002e-02 +3.3333333333333331e-01 +1.0000000000000011e-02
+1.5975000000000003e-02 +1.3333333333333333e+00 +1.0000000000000011e-02
+1.6000000000000000e-02 +3.3333333333333331e-01 +1.0000000000000011e-02

+1.6000000000000000e-02 +3.3333333333333331e-01 +1.0000000000000002e-02
+1.6025000000000001e-02 +1.3333333333333333e+00 +1.0000000000000002e-02
+1.6050000000000002e-02 +3.3333333333333331e-01 +1.0000000000000002e-02

+1.6050000000000002e-02 +3.3333333333333331e-01 +1.0000000000000011e-02
+1.6074999999999999e-02 +1.3333333333333333e+00 +1.0000000000000011e-02
+1.6100000000000000e-02 +3.3333333333333331e-01 +1.0000000000000011e-02

+1.6100000000000000e-02 +3.3333333333333331e-01 +1.0000000000000002e-02
+1.6125000000000000e-02 +1.3333333333333333e+00 +1.0000000000000002e-02
+1.6150000000000001e-02 +3.3333333333333331e-01 +1.0000000000000002e-02

+1.6150000000000001e-02 +3.3333333333333331e-01 +1.0000000000000011e-02
+1.6175000000000002e-02 +1.3333333333333333e+00 +1.0000000000000011e-02
+1.6199999999999999e-02 +3.3333333333333331e-01 +1.0000000000000011e-02

+1.6199999999999999e-02 +3.3333333333333331e-01 +1.0000000000000002e-02
+1.6225000000000000e-02 +1.3333333333333333e+00 +1.0000000000000002e-02
+1.6250000000000001e-02 +3.3333333333333331e-01 +1.0000000000000002e-02

+1.6250000000000001e-02 +3.3333333333333331e-01 +1.0000000000000002e-02
+1.6275000000000001e-02 +1.3333333333333333e+00 +1.0000000000000002e-02
+1.6300000000000002e-02 +3.3333333333333331e-01 +1.0000000000000002e-02

+1.6300000000000002e-02 +3.3333333333333331e-01 +1.0000000000000011e-02
+1.6324999999999999e-02 +1.3333333333333333e+00 +1.0000000000000011e-02
+1.6350000000000000e-02 +3.3333333333333331e-01 +1.0000000000000011e-02

+1.6350000000000000e-02 +3.3333333333333331e-01 +1.0000000000000002e-02
+1.6375000000000001e-02 +1.3333333333333333e+00 +1.0000000000000002e-02
+1.6400000000000001e-02 +3.3333333333333331e-01 +1.0000000000000002e-02

+1.6400000000000001e-02 +3.3333333333333331e-01 +1.0000000000000011e-02
+1.6425000000000002e-02 +1.3333333333333333e+00 +1.0000000000000011e-02
+1.6449999999999999e-02 +3.3333333333333331e-01 +1.0000000000000011e-02

+1.6449999999999999e-02 +3.3333333333333331e-01 +1.0000000000000002e-02
+1.6475000000000000e-02 +1.3333333333333333e+00 +1.0000000000000002e-02
+1.6500000000000001e-02 +3.3333333333333331e-01 +1.0000000000000002e-02

+1.6500000000000001e-02 +3.3333333333333331e-01 +1.0000000000000002e-02
+1.6525000000000001e-02 +1.3333333333333333e+00 +1.0000000000000002e-02
+1.6550000000000002e-02 +3.3333333333333331e-01 +1.0000000000000002e-02

+1.6550000000000002e-02 +3.3333333333333331e-01 +1.0000000000000011e-02
+1.6574999999999999e-02 +1.3333333333333333e+00 +1.0000000000000011e-02
+1.6600000000000000e-02 +3.3333333333333331e-01 +1.0000000000000011e-02

+1.6600000000000000e-02 +3.3333333333333331e-01 +1.0000000000000002e-02
+1.6625000000000001e-02 +1.3333333333333333e+00 +1.0000000000000002e-02
+1.6650000000000002e-02 +3.3333333333333331e-01 +1.0000000000000002e-02

+1.6650000000000002e-02 +3.3333333333333331e-01 +1.0000000000000011e-02
+1.6675000000000002e-02 +1.3333333333333333e+00 +1.0000000000000011e-02
+1.6700000000000000e-02 +3.3333333333333331e-01 +1.0000000000000011e-02

+1.6700000000000000e-02 +3.3333333333333331e-01 +1.0000000000000002e-02
+1.6725000000000000e-02 +1.3333333333333333e+00 +1.0000000000000002e-02
+1.6750000000000001e-02 +3.3333333333333331e-01 +1.0000000000000002e-02

+1.6750000000000001e-02 +3.3333333333333331e-01 +1.0000000000000002e-02
+1.6775000000000002e-02 +1.3333333333333333e+00 +1.0000000000000002e-02
+1.6800000000000002e-02 +3.3333333333333331e-01 +1.0000000000000002e-02

+1.6800000000000002e-02 +3.3333333333333331e-01 +1.0000000000000011e-02
+1.6825000000000000e-02 +1.3333333333333333e+00 +1.0000000000000011e-02
+1.6850000000000000e-02 +3.3333333333333331e-01 +1.0000000000000011e-02

+1.6850000000000000e-02 +3.3333333333333331e-01 +1.0000000000000002e-02
+1.6875000000000001e-02 +1.3333333333333333e+00 +1.0000000000000002e-02
+1.6900000000000002e-02 +3.3333333333333331e-01 +1.0000000000000002e-02

+1.6900000000000002e-02 +3.3333333333333331e-01 +1.0000000000000011e-02
+1.6925000000000003e-02 +1.3333333333333333e+00 +1.0000000000000011e-02
+1.6950000000000000e-02 +3.3333333333333331e-01 +1.0000000000000011e-02

+1.6950000000000000e-02 +3.3333333333333331e-01 +1.0000000000000002e-02
+1.6975000000000001e-02 +1.3333333333333333e+00 +1.0000000000000002e-02
+1.7000000000000001e-02 +3.3333333333333331e-01 +1.0000000000000002e-02

+1.7000000000000001e-02 +3.3333333333333331e-01 +1.0000000000000011e-02
+1.7024999999999998e-02 +1.3333333333333333e+00 +1.0000000000000011e-02
+1.7049999999999999e-02 +3.3333333333333331e-01 +1.0000000000000011e-02

+1.7049999999999999e-02 +3.3333333333333331e-01 +1.0000000000000002e-02
+1.7075000000000000e-02 +1.3333333333333333e+00 +1.0000000000000002e-02
+1.7100000000000001e-02 +3.3333333333333331e-01 +1.0000000000000002e-02

+1.7100000000000001e-02 +3.3333333333333331e-01 +1.0000000000000002e-02
+1.7125000000000001e-02 +1.3333333333333333e+00 +1.0000000000000002e-02
+1.7150000000000002e-02 +3.3333333333333331e-01 +1.0000000000000002e-02

+1.7150000000000002e-02 +3.3333333333333331e-01 +1.0000000000000011e-02
+1.7175000000000003e-02 +1.3333333333333333e+00 +1.0000000000000011e-02
+1.7200000000000000e-02 +3.3333333333333331e-01 +1.0000000000000011e-02

+1.7200000000000000e-02 +3.3333333333333331e-01 +1.0000000000000002e-02
+1.7225000000000001e-02 +1.3333333333333333e+00 +1.0000000000000002e-02
+1.7250000000000001e-02 +3.3333333333333331e-01 +1.0000000000000002e-02

+1.7250000000000001e-02 +3.3333333333333331e-01 +1.0000000000000011e-02
+1.7274999999999999e-02 +1.3333333333333333e+00 +1.0000000000000011e-02
+1.7299999999999999e-02 +3.3333333333333331e-01 +1.0000000000000011e-02

+1.7299999999999999e-02 +3.3333333333333331e-01 +1.0000000000000002e-02
+1.7325000000000000e-02 +1.3333333333333333e+00 +1.0000000000000002e-02
+1.7350000000000001e-02 +3.3333333333333331e-01 +1.0000000000000002e-02

+1.7350000000000001e-02 +3.3333333333333331e-01 +1.0000000000000002e-02
+1.7375000000000002e-02 +1.3333333333333333e+00 +1.0000000000000002e-02
+1.7400000000000002e-02 +3.3333333333333331e-01 +1.0000000000000002e-02

+1.7400000000000002e-02 +3.3333333333333331e-01 +1.0000000000000011e-02
+1.7425000000000003e-02 +1.3333333333333333e+00 +1.0000000000000011e-02
+1.7450000000000000e-02 +3.3333333333333331e-01 +1.0000000000000011e-02

+1.7450000000000000e-02 +3.3333333333333331e-01 +1.0000000000000002e-02
+1.7475000000000001e-02 +1.3333333333333333e+00 +1.0000000000000002e-02
+1.7500000000000002e-02 +3.3333333333333331e-01 +1.0000000000000002e-02

+1.7500000000000002e-02 +3.3333333333333331e-01 +1.0000000000000011e-02
+1.7524999999999999e-02 +1.3333333333333333e+00 +1.0000000000000011e-02
+1.7550000000000000e-02 +3.3333333333333331e-01 +1.0000000000000011e-02

+1.7550000000000000e-02 +3.3333333333333331e-01 +1.0000000000000002e-02
+1.7575000000000000e-02 +1.3333333333333333e+00 +1.0000000000000002e-02
+1.7600000000000001e-02 +3.3333333333333331e-01 +1.0000000000000002e-02

+1.7600000000000001e-02 +3.3333333333333331e-01 +1.0000000000000002e-02
+1.7625000000000002e-02 +1.3333333333333333e+00 +1.0000000000000002e-02
+1.7650000000000002e-02 +3.3333333333333331e-01 +1.0000000000000002e-02

+1.7650000000000002e-02 +3.3333333333333331e-01 +1.0000000000000011e-02
+1.7675000000000003e-02 +1.3333333333333333e+00 +1.0000000000000011e-02
+1.7700000000000000e-02 +3.3333333333333331e-01 +1.0000000000000011e-02

+1.7700000000000000e-02 +3.3333333333333331e-01 +1.0000000000000002e-02
+1.7725000000000001e-02 +1.3333333333333333e+00 +1.0000000000000002e-02
+1.7750000000000002e-02 +3.3333333333333331e-01 +1.0000000000000002e-02

+1.7750000000000002e-02 +3.3333333333333331e-01 +1.0000000000000011e-02
+1.7774999999999999e-02 +1.3333333333333333e+00 +1.0000000000000011e-02
+1.7800000000000000e-02 +3.3333333333333331e-01 +1.0000000000000011e-02

+1.7800000000000000e-02 +3.3333333333333331e-01 +1.0000000000000002e-02
+1.7825000000000001e-02 +1.3333333333333333e+00 +1.0000000000000002e-02
+1.7850000000000001e-02 +3.3333333333333331e-01 +1.0000000000000002e-02

+1.7850000000000001e-02 +3.3333333333333331e-01 +1.0000000000000011e-02
+1.7875000000000002e-02 +1.3333333333333333e+00 +1.0000000000000011e-02
+1.7899999999999999e-02 +3.3333333333333331e-01 +1.0000000000000011e-02

+1.7899999999999999e-02 +3.3333333333333331e-01 +1.0000000000000002e-02
+1.7925000000000000e-02 +1.3333333333333333e+00 +1.0000000000000002e-02
+1.7950000000000001e-02 +3.3333333333333331e-01 +1.0000000000000002e-02

+1.7950000000000001e-02 +3.3333333333333331e-01 +1.0000000000000002e-02
+1.7975000000000001e-02 +1.3333333333333333e+00 +1.0000000000000002e-02
+1.8000000000000002e-02 +3.3333333333333331e-01 +1.0000000000000002e-02

+1.8000000000000002e-02 +3.3333333333333331e-01 +1.0000000000000011e-02
+1.8024999999999999e-02 +1.3333333333333333e+00 +1.0000000000000011e-02
+1.8050000000000000e-02 +3.3333333333333331e-01 +1.0000000000000011e-02

+1.8050000000000000e-02 +3.3333333333333331e-01 +1.0000000000000002e-02
+1.8075000000000001e-02 +1.3333333333333333e+00 +1.0000000000000002e-02
+1.8100000000000002e-02 +3.3333333333333331e-01 +1.0000000000000002e-02

+1.8100000000000002e-02 +3.3333333333333331e-01 +1.0000000000000011e-02
+1.8125000000000002e-02 +1.3333333333333333e+00 +1.0000000000000011e-02
+1.8149999999999999e-02 +3.3333333333333331e-01 +1.0000000000000011e-02

+1.8149999999999999e-02 +3.3333333333333331e-01 +1.0000000000000002e-02
+1.8175000000000000e-02 +1.3333333333333333e+00 +1.0000000000000002e-02
+1.8200000000000001e-02 +3.3333333333333331e-01 +1.0000000000000002e-02

+1.8200000000000001e-02 +3.3333333333333331e-01 +1.0000000000000002e-02
+1.8225000000000002e-02 +1.3333333333333333e+00 +1.0000000000000002e-02
+1.8250000000000002e-02 +3.3333333333333331e-01 +1.0000000000000002e-02

+1.8250000000000002e-02 +3.3333333333333331e-01 +1.0000000000000011e-02
+1.8275000000000000e-02 +1.3333333333333333e+00 +1.0000000000000011e-02
+1.8300000000000000e-02 +3.3333333333333331e-01 +1.0000000000000011e-02

+1.8300000000000000e-02 +3.3333333333333331e-01 +1.0000000000000002e-02
+1.8325000000000001e-02 +1.3333333333333333e+00 +1.0000000000000002e-02
+1.8350000000000002e-02 +3.3333333333333331e-01 +1.0000000000000002e-02

+1.8350000000000002e-02 +3.3333333333333331e-01 +1.0000000000000011e-02
+1.8375000000000002e-02 +1.3333333333333333e+00 +1.0000000000000011e-02
+1.8400000000000000e-02 +3.3333333333333331e-01 +1.0000000000000011e-02

+1.8400000000000000e-02 +3.3333333333333331e-01 +1.0000000000000002e-02
+1.8425000000000000e-02 +1.3333333333333333e+00 +1.0000000000000002e-02
+1.8450000000000001e-02 +3.3333333333333331e-01 +1.0000000000000002e-02

+1.8450000000000001e-02 +3.3333333333333331e-01 +1.0000000000000002e-02
+1.8475000000000002e-02 +1.3333333333333333e+00 +1.0000000000000002e-02
+1.8500000000000003e-02 +3.3333333333333331e-01 +1.0000000000000002e-02

+1.8500000000000003e-02 +3.3333333333333331e-01 +1.0000000000000011e-02
+1.8525000000000000e-02 +1.3333333333333333e+00 +1.0000000000000011e-02
+1.8550000000000001e-02 +3.3333333333333331e-01 +1.0000000000000011e-02

+1.8550000000000001e-02 +3.3333333333333331e-01 +1.0000000000000002e-02
+1.8575000000000001e-02 +1.3333333333333333e+00 +1.0000000000000002e-02
+1.8600000000000002e-02 +3.3333333333333331e-01 +1.0000000000000002e-02

+1.8600000000000002e-02 +3.3333333333333331e-01 +1.0000000000000011e-02
+1.8625000000000003e-02 +1.3333333333333333e+00 +1.0000000000000011e-02
+1.8650000000000000e-02 +3.3333333333333331e-01 +1.0000000000000011e-02

+1.8650000000000000e-02 +3.3333333333333331e-01 +1.0000000000000002e-02
+1.8675000000000001e-02 +1.3333333333333333e+00 +1.0000000000000002e-02
+1.8700000000000001e-02 +3.3333333333333331e-01 +1.0000000000000002e-02

+1.8700000000000001e-02 +3.3333333333333331e-01 +1.0000000000000011e-02
+1.8724999999999999e-02 +1.3333333333333333e+00 +1.0000000000000011e-02
+1.8749999999999999e-02 +3.3333333333333331e-01 +1.0000000000000011e-02

+1.8749999999999999e-02 +3.3333333333333331e-01 +1.0000000000000002e-02
+1.8775000000000000e-02 +1.3333333333333333e+00 +1.0000000000000002e-02
+1.8800000000000001e-02 +3.3333333333333331e-01 +1.0000000000000002e-02

+1.8800000000000001e-02 +3.3333333333333331e-01 +1.0000000000000002e-02
+1.8825000000000001e-02 +1.3333333333333333e+00 +1.0000000000000002e-02
+1.8850000000000002e-02 +3.3333333333333331e-01 +1.0000000000000002e-02

+1.8850000000000002e-02 +3.3333333333333331e-01 +1.0000000000000011e-02
+1.8875000000000003e-02 +1.3333333333333333e+00 +1.0000000000000011e-02
+1.8900000000000000e-02 +3.3333333333333331e-01 +1.0000000000000011e-02

+1.8900000000000000e-02 +3.3333333333333331e-01 +1.0000000000000002e-02
+1.8925000000000001e-02 +1.3333333333333333e+00 +1.0000000000000002e-02
+1.8950000000000002e-02 +3.3333333333333331e-01 +1.0000000000000002e-02

+1.8950000000000002e-02 +3.3333333333333331e-01 +1.0000000000000011e-02
+1.8974999999999999e-02 +1.3333333333333333e+00 +1.0000000000000011e-02
+1.9000000000000000e-02 +3.3333333333333331e-01 +1.0000000000000011e-02

+1.9000000000000000e-02 +3.3333333333333331e-01 +1.0000000000000002e-02
+1.9025000000000000e-02 +1.3333333333333333e+00 +1.0000000000000002e-02
+1.9050000000000001e-02 +3.3333333333333331e-01 +1.0000000000000002e-02

+1.9050000000000001e-02 +3.3333333333333331e-01 +1.0000000000000002e-02
+1.9075000000000002e-02 +1.3333333333333333e+00 +1.0000000000000002e-02
+1.9100000000000002e-02 +3.3333333333333331e-01 +1.0000000000000002e-02

+1.9100000000000002e-02 +3.3333333333333331e-01 +1.0000000000000011e-02
+1.9125000000000003e-02 +1.3333333333333333e+00 +1.0000000000000011e-02
+1.9150000000000000e-02 +3.3333333333333331e-01 +1.0000000000000011e-02

+1.9150000000000000e-02 +3.3333333333333331e-01 +1.0000000000000002e-02
+1.9175000000000001e-02 +1.3333333333333333e+00 +1.0000000000000002e-02
+1.9200000000000002e-02 +3.3333333333333331e-01 +1.0000000000000002e-02

+1.9200000000000002e-02 +3.3333333333333331e-01 +1.0000000000000011e-02
+1.9224999999999999e-02 +1.3333333333333333e+00 +1.0000000000000011e-02
+1.9250000000000000e-02 +3.3333333333333331e-01 +1.0000000000000011e-02

+1.9250000000000000e-02 +3.3333333333333331e-01 +1.0000000000000002e-02
+1.9275000000000000e-02 +1.3333333333333333e+00 +1.0000000000000002e-02
+1.9300000000000001e-02 +3.3333333333333331e-01 +1.0000000000000002e-02

+1.9300000000000001e-02 +3.3333333333333331e-01 +1.0000000000000002e-02
+1.9325000000000002e-02 +1.3333333333333333e+00 +1.0000000000000002e-02
+1.9350000000000003e-02 +3.3333333333333331e-01 +1.0000000000000002e-02

+1.9350000000000003e-02 +3.3333333333333331e-01 +1.0000000000000011e-02
+1.9375000000000003e-02 +1.3333333333333333e+00 +1.0000000000000011e-02
+1.9400000000000001e-02 +3.3333333333333331e-01 +1.0000000000000011e-02

+1.9400000000000001e-02 +3.3333333333333331e-01 +1.0000000000000002e-02
+1.9425000000000001e-02 +1.3333333333333333e+00 +1.0000000000000002e-02
+1.9450000000000002e-02 +3.3333333333333331e-01 +1.0000000000000002e-02

+1.9450000000000002e-02 +3.3333333333333331e-01 +1.0000000000000011e-02
+1.9474999999999999e-02 +1.3333333333333333e+00 +1.0000000000000011e-02
+1.9500000000000000e-02 +3.3333333333333331e-01 +1.0000000000000011e-02

+1.9500000000000000e-02 +3.3333333333333331e-01 +1.0000000000000002e-02
+1.9525000000000001e-02 +1.3333333333333333e+00 +1.0000000000000002e-02
+1.9550000000000001e-02 +3.3333333333333331e-01 +1.0000000000000002e-02

+1.9550000000000001e-02 +3.3333333333333331e-01 +1.0000000000000011e-02
+1.9575000000000002e-02 +1.3333333333333333e+00 +1.0000000000000011e-02
+1.9599999999999999e-02 +3.3333333333333331e-01 +1.0000000000000011e-02

+1.9599999999999999e-02 +3.3333333333333331e-01 +1.0000000000000002e-02
+1.9625000000000000e-02 +1.3333333333333333e+00 +1.0000000000000002e-02
+1.9650000000000001e-02 +3.3333333333333331e-01 +1.0000000000000002e-02

+1.9650000000000001e-02 +3.3333333333333331e-01 +1.0000000000000002e-02
+1.9675000000000002e-02 +1.3333333333333333e+00 +1.0000000000000002e-02
+1.9700000000000002e-02 +3.3333333333333331e-01 +1.0000000000000002e-02

+1.9700000000000002e-02 +3.3333333333333331e-01 +1.0000000000000011e-02
+1.9724999999999999e-02 +1.3333333333333333e+00 +1.0000000000000011e-02
+1.9750000000000000e-02 +3.3333333333333331e-01 +1.0000000000000011e-02

+1.9750000000000000e-02 +3.3333333333333331e-01 +1.0000000000000002e-02
+1.9775000000000001e-02 +1.3333333333333333e+00 +1.0000000000000002e-02
+1.9800000000000002e-02 +3.3333333333333331e-01 +1.0000000000000002e-02

+1.9800000000000002e-02 +3.3333333333333331e-01 +1.0000000000000011e-02
+1.9825000000000002e-02 +1.3333333333333333e+00 +1.0000000000000011e-02
+1.9850000000000000e-02 +3.3333333333333331e-01 +1.0000000000000011e-02

+1.9850000000000000e-02 +3.3333333333333331e-01 +1.0000000000000002e-02
+1.9875000000000000e-02 +1.3333333333333333e+00 +1.0000000000000002e-02
+1.9900000000000001e-02 +3.3333333333333331e-01 +1.0000000000000002e-02

+1.9900000000000001e-02 +3.3333333333333331e-01 +1.0000000000000002e-02
+1.9925000000000002e-02 +1.3333333333333333e+00 +1.0000000000000002e-02
+1.9950000000000002e-02 +3.3333333333333331e-01 +1.0000000000000002e-02

+1.9950000000000002e-02 +3.3333333333333331e-01 +1.0000000000000011e-02
+1.9975000000000000e-02 +1.3333333333333333e+00 +1.0000000000000011e-02
+2.0000000000000000e-02 +3.3333333333333331e-01 +1.0000000000000011e-02


